1.000000 0.000000 0.000000 0.000000 0.000000 1.000000 0.000000 0.000000 0.000000 0.000000 1.000000 0.000000
0.999953 -0.002411 0.009433 0.007222 0.002399 0.999996 0.001188 -0.010048 -0.009436 -0.001165 0.999955 0.276654
0.999885 -0.004638 0.014456 0.029294 0.004622 0.999989 0.001127 -0.012247 -0.014461 -0.001060 0.999895 0.568799
0.999851 -0.007667 0.015460 0.044491 0.007671 0.999971 -0.000222 -0.018336 -0.015458 0.000340 0.999880 0.871217
0.999887 -0.008661 0.012277 0.056587 0.008683 0.999961 -0.001679 -0.021974 -0.012262 0.001785 0.999923 1.171116
0.999924 -0.011490 0.004461 0.076717 0.011506 0.999928 -0.003504 -0.022465 -0.004421 0.003555 0.999984 1.489915
0.999887 -0.012216 -0.008718 0.099525 0.012172 0.999913 -0.005161 -0.031034 0.008780 0.005054 0.999949 1.821967
0.999616 -0.010473 -0.025658 0.081115 0.010342 0.999933 -0.005226 -0.042936 0.025711 0.004959 0.999657 2.169349
0.998955 -0.005877 -0.045333 0.041414 0.005628 0.999968 -0.005625 -0.054771 0.045364 0.005364 0.998956 2.515714
0.997867 -0.002882 -0.065211 0.006504 0.002425 0.999972 -0.007090 -0.062486 0.065229 0.006917 0.997846 2.862161
0.996344 -0.002405 -0.085396 -0.031608 0.001756 0.999969 -0.007673 -0.062626 0.085412 0.007495 0.996318 3.227996
0.994352 -0.003671 -0.106066 -0.064435 0.002902 0.999968 -0.007406 -0.068219 0.106090 0.007057 0.994332 3.616810
0.992082 -0.004534 -0.125512 -0.125108 0.003712 0.999970 -0.006784 -0.079668 0.125539 0.006264 0.992069 4.006929
0.989732 -0.003331 -0.142897 -0.192205 0.002482 0.999978 -0.006121 -0.092310 0.142915 0.005704 0.989719 4.409781
0.987375 -0.002195 -0.158386 -0.270818 0.001325 0.999983 -0.005598 -0.104495 0.158396 0.005318 0.987361 4.818000
0.985163 -0.002152 -0.171610 -0.349915 0.001117 0.999981 -0.006126 -0.115010 0.171620 0.005843 0.985146 5.239854
0.983013 -0.003973 -0.183493 -0.432625 0.002648 0.999969 -0.007467 -0.122804 0.183517 0.006854 0.982993 5.665995
0.981208 -0.007381 -0.192811 -0.512298 0.005627 0.999938 -0.009645 -0.135961 0.192871 0.008379 0.981188 6.109394
0.979681 -0.006288 -0.200462 -0.615043 0.004102 0.999928 -0.011321 -0.155116 0.200519 0.010269 0.979636 6.573710
0.978071 -0.006222 -0.208178 -0.721360 0.003535 0.999906 -0.013278 -0.158766 0.208241 0.012251 0.978001 7.039850
0.976377 -0.007382 -0.215946 -0.824881 0.004015 0.999864 -0.016026 -0.170716 0.216035 0.014781 0.976274 7.527020
0.974584 -0.011173 -0.223742 -0.932936 0.007333 0.999811 -0.017987 -0.176259 0.223900 0.015890 0.974482 8.024430
0.972708 -0.016784 -0.231423 -1.036607 0.012649 0.999733 -0.019340 -0.189014 0.231686 0.015885 0.972661 8.548961
0.970639 -0.017173 -0.239928 -1.159922 0.012374 0.999692 -0.021492 -0.226453 0.240223 0.017892 0.970553 9.074550
0.968472 -0.013977 -0.248729 -1.323257 0.007887 0.999645 -0.025467 -0.248255 0.248996 0.022702 0.968238 9.593150
0.966238 -0.011143 -0.257408 -1.488967 0.003892 0.999582 -0.028663 -0.263621 0.257620 0.026693 0.965878 10.136284
0.963930 -0.013320 -0.265824 -1.644159 0.005306 0.999510 -0.030843 -0.272749 0.266104 0.028320 0.963528 10.696774
0.961539 -0.015687 -0.274220 -1.787712 0.006992 0.999442 -0.032658 -0.305760 0.274580 0.029485 0.961112 11.264191
0.959328 -0.015565 -0.281865 -1.961292 0.005827 0.999358 -0.035355 -0.339937 0.282235 0.032274 0.958802 11.841235
0.956905 -0.015104 -0.290009 -2.151561 0.003994 0.999237 -0.038863 -0.366496 0.290374 0.036030 0.956235 12.426140
0.954679 -0.017122 -0.297144 -2.344311 0.004197 0.999019 -0.044081 -0.399680 0.297608 0.040836 0.953815 13.020295
0.952804 -0.019018 -0.302990 -2.534991 0.003569 0.998669 -0.051460 -0.436420 0.303565 0.047950 0.951603 13.602889
0.951641 -0.020117 -0.306554 -2.744840 0.002051 0.998248 -0.059141 -0.472656 0.307207 0.055653 0.950014 14.209639
0.950192 -0.020609 -0.310982 -2.950547 -0.000526 0.997704 -0.067725 -0.520234 0.311664 0.064515 0.948000 14.815952
0.948918 -0.019933 -0.314892 -3.173476 -0.004439 0.997060 -0.076493 -0.562245 0.315491 0.073983 0.946040 15.440062
0.947605 -0.018278 -0.318922 -3.399937 -0.008991 0.996440 -0.083824 -0.620696 0.319319 0.082300 0.944067 16.089388
0.946048 -0.016290 -0.323618 -3.640959 -0.013693 0.995834 -0.090156 -0.682574 0.323738 0.089723 0.941883 16.735506
0.944441 -0.014912 -0.328344 -3.886947 -0.017670 0.995222 -0.096025 -0.749243 0.328207 0.096492 0.939665 17.394110
0.942818 -0.012793 -0.333062 -4.147767 -0.022272 0.994612 -0.101250 -0.827806 0.332563 0.102878 0.937453 18.071606
0.941054 -0.009346 -0.338126 -4.414663 -0.027602 0.994163 -0.104299 -0.901841 0.337128 0.107484 0.935303 18.749882
0.939160 -0.008426 -0.343377 -4.682769 -0.029769 0.993940 -0.105813 -0.981104 0.342188 0.109597 0.933218 19.454037
0.936894 -0.007334 -0.349535 -4.949414 -0.031442 0.993961 -0.105133 -1.072566 0.348195 0.109488 0.931006 20.167919
0.934551 -0.006894 -0.355761 -5.230853 -0.032163 0.994083 -0.103753 -1.162144 0.354371 0.108405 0.928800 20.898863
0.931842 -0.006889 -0.362798 -5.521698 -0.032314 0.994272 -0.101878 -1.254414 0.361421 0.106658 0.926282 21.644283
0.928717 -0.004936 -0.370757 -5.822177 -0.034308 0.994478 -0.099181 -1.349103 0.369199 0.104831 0.923419 22.396950
0.925439 -0.002867 -0.378885 -6.132626 -0.035333 0.994961 -0.093831 -1.433705 0.377245 0.100222 0.920675 23.145960
0.921691 0.000538 -0.387925 -6.464976 -0.037831 0.995357 -0.088506 -1.529033 0.386076 0.096251 0.917432 23.904863
0.918018 0.003537 -0.396523 -6.809429 -0.040392 0.995593 -0.084632 -1.613119 0.394476 0.093710 0.914115 24.671650
0.914087 0.003344 -0.405504 -7.147148 -0.040434 0.995734 -0.082934 -1.693896 0.403497 0.092205 0.910323 25.433645
0.910004 0.004010 -0.414580 -7.498960 -0.041827 0.995739 -0.082180 -1.778186 0.412484 0.092125 0.906295 26.190113
0.906091 0.003837 -0.423065 -7.861221 -0.042144 0.995804 -0.081231 -1.857423 0.420979 0.091432 0.902451 26.963360
0.902181 0.005149 -0.431327 -8.240576 -0.043731 0.995869 -0.079582 -1.937636 0.429135 0.090660 0.898679 27.746435
0.898247 0.004736 -0.439466 -8.624573 -0.043156 0.996060 -0.077474 -2.013680 0.437368 0.088556 0.894912 28.536053
0.894452 0.005861 -0.447125 -9.030720 -0.043316 0.996347 -0.073591 -2.092716 0.445061 0.085191 0.891439 29.344557
0.890547 0.007987 -0.454821 -9.451514 -0.043694 0.996725 -0.068050 -2.162555 0.452788 0.080475 0.887979 30.147860
0.886758 0.007796 -0.462168 -9.872500 -0.042138 0.997058 -0.064030 -2.242448 0.460309 0.076254 0.884478 30.969975
0.882800 0.006570 -0.469704 -10.302462 -0.040279 0.997278 -0.061755 -2.323685 0.468020 0.073437 0.880662 31.786203
0.879534 0.006357 -0.475793 -10.742124 -0.039928 0.997370 -0.060484 -2.390411 0.474157 0.072195 0.877475 32.609016
0.876193 0.006633 -0.481915 -11.199402 -0.039879 0.997474 -0.058778 -2.452127 0.480308 0.070719 0.874244 33.439804
0.873317 0.005466 -0.487122 -11.675068 -0.038255 0.997619 -0.057390 -2.520869 0.485649 0.068754 0.871446 34.275764
0.870688 0.003633 -0.491822 -12.157394 -0.036422 0.997703 -0.057109 -2.592182 0.490485 0.067637 0.868821 35.118885
0.868688 0.002597 -0.495353 -12.639190 -0.035759 0.997706 -0.057479 -2.669045 0.494068 0.067645 0.866788 35.970280
0.867276 0.002986 -0.497818 -13.145658 -0.036643 0.997652 -0.057853 -2.734805 0.496477 0.068417 0.865350 36.827232
0.866737 0.003429 -0.498753 -13.666033 -0.036858 0.997683 -0.057194 -2.802223 0.497401 0.067955 0.864855 37.710842
0.866420 0.004239 -0.499298 -14.173692 -0.036848 0.997780 -0.055470 -2.869952 0.497955 0.066458 0.864653 38.593052
0.866195 0.002709 -0.499699 -14.699527 -0.034814 0.997883 -0.054939 -2.940310 0.498492 0.064985 0.864455 39.496048
0.865414 0.000471 -0.501058 -15.217191 -0.032576 0.997937 -0.055327 -3.011411 0.499998 0.064203 0.863643 40.396770
0.864367 -0.001942 -0.502859 -15.753349 -0.030256 0.997980 -0.055861 -3.084455 0.501951 0.063499 0.862562 41.313267
0.862679 -0.001244 -0.505751 -16.291281 -0.030402 0.998061 -0.054311 -3.154186 0.504838 0.062229 0.860968 42.245487
0.860744 -0.000282 -0.509038 -16.847364 -0.029890 0.998246 -0.051095 -3.226431 0.508160 0.059194 0.859226 43.177643
0.857619 -0.000412 -0.514285 -17.391891 -0.027551 0.998527 -0.046743 -3.298550 0.513547 0.054257 0.856344 44.107044
0.853509 -0.001307 -0.521077 -17.949139 -0.025586 0.998686 -0.044413 -3.371876 0.520450 0.051239 0.852354 45.020603
0.848160 -0.006211 -0.529704 -18.507408 -0.021375 0.998716 -0.045936 -3.446476 0.529309 0.050283 0.846938 45.932144
0.842028 -0.008895 -0.539361 -19.075619 -0.020882 0.998577 -0.049069 -3.520234 0.539030 0.052581 0.840644 46.825714
0.835731 -0.008559 -0.549073 -19.672560 -0.022011 0.998553 -0.049069 -3.583328 0.548698 0.053095 0.834333 47.720219
0.830010 -0.004919 -0.557726 -20.277611 -0.024308 0.998692 -0.044984 -3.640540 0.557218 0.050894 0.828805 48.614307
0.825082 -0.000896 -0.565012 -20.900600 -0.026512 0.998836 -0.040299 -3.719273 0.564391 0.048230 0.824098 49.493999
0.820683 -0.001671 -0.571381 -21.515034 -0.026165 0.998837 -0.040502 -3.788070 0.570784 0.048189 0.819685 50.364880
0.817397 -0.004120 -0.576060 -22.128454 -0.026305 0.998664 -0.044468 -3.852855 0.575474 0.051502 0.816197 51.227104
0.814210 -0.007000 -0.580529 -22.739811 -0.027515 0.998339 -0.050628 -3.932985 0.579919 0.057194 0.812664 52.057587
0.810891 -0.006838 -0.585157 -23.369007 -0.030210 0.998109 -0.053527 -3.978273 0.584417 0.061082 0.809151 52.923950
0.807913 -0.004534 -0.589284 -24.009371 -0.031238 0.998235 -0.050509 -4.049583 0.588473 0.059215 0.806345 53.802223
0.804388 -0.001475 -0.594103 -24.663023 -0.031684 0.998467 -0.045378 -4.111740 0.593259 0.055325 0.803108 54.665943
0.801285 -0.000675 -0.598282 -25.314161 -0.030464 0.998656 -0.041928 -4.190725 0.597507 0.051823 0.800188 55.534126
0.798028 -0.000560 -0.602620 -25.962263 -0.030840 0.998651 -0.041769 -4.260459 0.601831 0.051917 0.796934 56.395119
0.794444 -0.002728 -0.607331 -26.622480 -0.029509 0.998635 -0.043087 -4.327410 0.606620 0.052152 0.793279 57.249950
0.790329 -0.005088 -0.612661 -27.273621 -0.028767 0.998555 -0.045402 -4.394799 0.612007 0.053506 0.789041 58.091850
0.785941 -0.005630 -0.618276 -27.948729 -0.029187 0.998506 -0.046195 -4.458021 0.617612 0.054352 0.784602 58.939201
0.781468 -0.006130 -0.623915 -28.631187 -0.028552 0.998553 -0.045573 -4.524400 0.623292 0.053428 0.780162 59.795654
0.776703 -0.005787 -0.629840 -29.324238 -0.028927 0.998575 -0.044846 -4.593922 0.629202 0.053052 0.775429 60.640266
0.771251 -0.007178 -0.636491 -30.013094 -0.028081 0.998579 -0.045288 -4.670669 0.635911 0.052801 0.769954 61.475044
0.765475 -0.008473 -0.643409 -30.710611 -0.027853 0.998540 -0.046286 -4.736084 0.642862 0.053351 0.764122 62.297646
0.759973 -0.009664 -0.649882 -31.421778 -0.027565 0.998511 -0.047082 -4.803170 0.649370 0.053695 0.758575 63.126740
0.754145 -0.010971 -0.656617 -32.139061 -0.027349 0.998468 -0.048095 -4.872944 0.656138 0.054228 0.752690 63.955132
0.747935 -0.013209 -0.663641 -32.869900 -0.026075 0.998446 -0.049259 -4.947037 0.663260 0.054147 0.746428 64.778099
0.741703 -0.013711 -0.670588 -33.607292 -0.026286 0.998429 -0.049487 -5.014918 0.670213 0.054332 0.740177 65.602859
0.735407 -0.013454 -0.677492 -34.362972 -0.026319 0.998481 -0.048398 -5.085006 0.677114 0.053423 0.733936 66.433846
0.728830 -0.013789 -0.684556 -35.133678 -0.025694 0.998542 -0.047470 -5.161947 0.684212 0.052186 0.727413 67.253052
0.722057 -0.015449 -0.691661 -35.892677 -0.024431 0.998558 -0.047808 -5.234266 0.691402 0.051418 0.720638 68.048447
0.715431 -0.017540 -0.698463 -36.671734 -0.023622 0.998506 -0.049271 -5.312638 0.698284 0.051749 0.713948 68.845917
0.709643 -0.016879 -0.704359 -37.479244 -0.025345 0.998454 -0.049462 -5.381557 0.704105 0.052953 0.708118 69.647926
0.704147 -0.016507 -0.709862 -38.278755 -0.025724 0.998480 -0.048735 -5.453028 0.709588 0.052577 0.702652 70.442612
0.699220 -0.016314 -0.714720 -39.106510 -0.026239 0.998480 -0.048461 -5.528617 0.714425 0.052638 0.697730 71.230469
0.694340 -0.016567 -0.719456 -39.926655 -0.027067 0.998426 -0.049113 -5.604751 0.719138 0.053575 0.692799 72.016731
0.688869 -0.019022 -0.724636 -40.760399 -0.026452 0.998330 -0.051352 -5.684828 0.724403 0.054543 0.687216 72.803032
0.683904 -0.021107 -0.729266 -41.606651 -0.026843 0.998177 -0.054063 -5.761396 0.729078 0.056550 0.682091 73.584488
0.678687 -0.021350 -0.734117 -42.461868 -0.027989 0.998099 -0.054904 -5.835040 0.733894 0.057810 0.676800 74.367332
0.673876 -0.020901 -0.738549 -43.311207 -0.028312 0.998135 -0.054081 -5.908828 0.738302 0.057354 0.672027 75.143562
0.668620 -0.020896 -0.743310 -44.184807 -0.027677 0.998213 -0.052957 -5.988601 0.743089 0.055981 0.666847 75.920708
0.663314 -0.022011 -0.748017 -45.059135 -0.026791 0.998228 -0.053131 -6.075907 0.747861 0.055282 0.661549 76.694321
0.658589 -0.023122 -0.752147 -45.944275 -0.025899 0.998239 -0.053364 -6.155769 0.752057 0.054625 0.656831 77.464722
0.654203 -0.023342 -0.755959 -46.835960 -0.025793 0.998254 -0.053145 -6.242755 0.755879 0.054267 0.652458 78.243294
0.650092 -0.024306 -0.759467 -47.730846 -0.024506 0.998298 -0.052927 -6.322106 0.759461 0.053019 0.648389 79.007500
0.645938 -0.026893 -0.762916 -48.630718 -0.021867 0.998317 -0.053705 -6.403790 0.763076 0.051373 0.644263 79.781403
0.641784 -0.031425 -0.766241 -49.535473 -0.018126 0.998259 -0.056122 -6.490889 0.766671 0.049907 0.640098 80.544167
0.637066 -0.035299 -0.770000 -50.449059 -0.015173 0.998183 -0.058313 -6.573403 0.770660 0.048832 0.635373 81.324936
0.630408 -0.038718 -0.775298 -51.375935 -0.010684 0.998228 -0.058538 -6.658038 0.776191 0.045186 0.628877 82.094528
0.622731 -0.042346 -0.781289 -52.310764 -0.006073 0.998243 -0.058945 -6.749537 0.782413 0.041451 0.621379 82.861008
0.613465 -0.042981 -0.788551 -53.266384 -0.004759 0.998298 -0.058116 -6.844259 0.789707 0.039405 0.612217 83.612846
0.604448 -0.041474 -0.795564 -54.225574 -0.004666 0.998442 -0.055596 -6.931918 0.796631 0.037317 0.603314 84.355125
0.595524 -0.041226 -0.802279 -55.205696 -0.004294 0.998505 -0.054496 -7.029150 0.803326 0.035899 0.594457 85.086823
0.586229 -0.042531 -0.809028 -56.173580 -0.004952 0.998414 -0.056075 -7.113540 0.810130 0.036879 0.585089 85.790627
0.575938 -0.044955 -0.816256 -57.166584 -0.004324 0.998305 -0.058032 -7.201789 0.817482 0.036952 0.574768 86.498619
0.566359 -0.046445 -0.822849 -58.167557 -0.004763 0.998210 -0.059621 -7.283743 0.824145 0.037686 0.565123 87.189697
0.556314 -0.047058 -0.829639 -59.194042 -0.003248 0.998264 -0.058800 -7.375038 0.830966 0.035406 0.555195 87.890503
0.545924 -0.046873 -0.836523 -60.216518 -0.002400 0.998342 -0.057506 -7.468027 0.837831 0.033402 0.544906 88.567024
0.535472 -0.047754 -0.843202 -61.258648 -0.001398 0.998349 -0.057428 -7.562285 0.844552 0.031930 0.534521 89.229195
0.525496 -0.048564 -0.849409 -62.314144 -0.002329 0.998284 -0.058516 -7.656773 0.850793 0.032728 0.524481 89.878799
0.515324 -0.048892 -0.855599 -63.392258 -0.004138 0.998218 -0.059534 -7.753163 0.856985 0.034220 0.514204 90.523125
0.505287 -0.050093 -0.861497 -64.473183 -0.004694 0.998140 -0.060791 -7.845366 0.862939 0.034760 0.504111 91.154556
0.495617 -0.049889 -0.867107 -65.568192 -0.006579 0.998105 -0.061186 -7.942892 0.868516 0.036030 0.494350 91.786369
0.486754 -0.048142 -0.872211 -66.673576 -0.008085 0.998189 -0.059607 -8.037966 0.873502 0.036065 0.485484 92.398964
0.478507 -0.046708 -0.876840 -67.790756 -0.007556 0.998328 -0.057303 -8.132201 0.878051 0.034045 0.477354 93.017006
0.470778 -0.046953 -0.881001 -68.915894 -0.006600 0.998367 -0.056735 -8.228978 0.882227 0.032524 0.469700 93.604584
0.462761 -0.049363 -0.885108 -70.029282 -0.005142 0.998282 -0.058363 -8.330520 0.886468 0.031559 0.461712 94.198593
0.455999 -0.052936 -0.888404 -71.155396 -0.002861 0.998137 -0.060943 -8.424205 0.889975 0.030332 0.454999 94.791260
0.449804 -0.055737 -0.891386 -72.280579 -0.001401 0.998006 -0.063110 -8.522808 0.893126 0.029636 0.448829 95.356033
0.444623 -0.058561 -0.893802 -73.396957 -0.000893 0.997831 -0.065821 -8.625722 0.895718 0.030063 0.443606 95.919655
0.439766 -0.059445 -0.896143 -74.535629 -0.000162 0.997802 -0.066267 -8.730158 0.898113 0.029287 0.438789 96.480385
0.435682 -0.057314 -0.898274 -75.691887 0.000925 0.997999 -0.063228 -8.838193 0.900100 0.026717 0.434863 97.043228
0.431853 -0.055739 -0.900220 -76.828697 0.004585 0.998211 -0.059607 -8.941834 0.901933 0.021614 0.431336 97.591866
0.428455 -0.055301 -0.901869 -77.955872 0.007289 0.998304 -0.057752 -9.045480 0.903534 0.018170 0.428131 98.121544
0.425616 -0.054667 -0.903251 -79.086365 0.008175 0.998365 -0.056572 -9.142324 0.904867 0.016693 0.425367 98.643799
0.423450 -0.053448 -0.904341 -80.228516 0.008775 0.998453 -0.054902 -9.243438 0.905877 0.015313 0.423264 99.180092
0.420664 -0.052869 -0.905675 -81.359154 0.011044 0.998525 -0.053159 -9.334825 0.907149 0.012360 0.420627 99.695404
0.418739 -0.053870 -0.906508 -82.469315 0.013963 0.998503 -0.052887 -9.431594 0.907999 0.009488 0.418864 100.216469
0.416442 -0.053627 -0.907579 -83.575012 0.015208 0.998530 -0.052023 -9.524360 0.909035 0.007862 0.416646 100.720650
0.413981 -0.053034 -0.908739 -84.685440 0.017779 0.998582 -0.050178 -9.610185 0.910112 0.004617 0.414337 101.228394
0.411996 -0.052516 -0.909671 -85.780739 0.020964 0.998620 -0.048156 -9.702123 0.910945 0.000770 0.412528 101.738297
0.410313 -0.053010 -0.910403 -86.851624 0.022691 0.998594 -0.047918 -9.790154 0.911662 -0.000996 0.410939 102.230576
0.408939 -0.054537 -0.910931 -87.917778 0.025156 0.998507 -0.048487 -9.873610 0.912215 -0.003087 0.409700 102.710915
0.408619 -0.055312 -0.911027 -88.969208 0.024829 0.998466 -0.049484 -9.966556 0.912367 -0.002399 0.409366 103.185219
0.409080 -0.056138 -0.910770 -90.026901 0.024356 0.998422 -0.050601 -10.056286 0.912173 -0.001483 0.409802 103.647537
0.410952 -0.055727 -0.909952 -91.060272 0.022182 0.998446 -0.051129 -10.143312 0.911387 0.000827 0.411549 104.085129
0.414822 -0.055451 -0.908211 -92.093102 0.020161 0.998456 -0.051753 -10.224869 0.909679 0.003158 0.415300 104.533058
0.419564 -0.055320 -0.906038 -93.120277 0.018206 0.998453 -0.052532 -10.309646 0.907543 0.005545 0.419923 104.980865
0.425428 -0.055480 -0.903290 -94.125313 0.018020 0.998441 -0.052837 -10.392706 0.904813 0.006201 0.425764 105.437683
0.432629 -0.054054 -0.899950 -95.133804 0.016149 0.998506 -0.052210 -10.469942 0.901427 0.008054 0.432855 105.888138
0.440249 -0.052561 -0.896336 -96.129234 0.015142 0.998578 -0.051119 -10.550034 0.897748 0.008933 0.440418 106.365044
0.449165 -0.052385 -0.891912 -97.117050 0.015597 0.998587 -0.050796 -10.629426 0.893313 0.008905 0.449347 106.836853
0.458823 -0.052133 -0.886997 -98.102097 0.015472 0.998595 -0.050688 -10.707674 0.888393 0.009533 0.458985 107.329407
0.468686 -0.053109 -0.881767 -99.070412 0.015527 0.998532 -0.051888 -10.784571 0.883228 0.010628 0.468823 107.810280
0.478938 -0.054617 -0.876148 -100.026131 0.014379 0.998417 -0.054379 -10.864727 0.877731 0.013446 0.478965 108.311874
0.490679 -0.053926 -0.869670 -100.985046 0.010935 0.998386 -0.055738 -10.948860 0.871272 0.017839 0.490477 108.824020
0.503365 -0.052116 -0.862501 -101.929039 0.008835 0.998438 -0.055174 -11.027303 0.864029 0.020153 0.503039 109.338013
0.516692 -0.048988 -0.854768 -102.866768 0.006984 0.998570 -0.053008 -11.109201 0.856143 0.021419 0.516296 109.879517
0.528698 -0.047025 -0.847506 -103.801857 0.006914 0.998670 -0.051100 -11.188573 0.848782 0.021157 0.528320 110.432213
0.540351 -0.047234 -0.840113 -104.711639 0.008436 0.998677 -0.050723 -11.268408 0.841397 0.020321 0.540035 110.992622
0.551533 -0.046852 -0.832836 -105.603836 0.007188 0.998651 -0.051420 -11.338125 0.834122 0.022373 0.551126 111.573883
0.562745 -0.048443 -0.825210 -106.483086 0.009054 0.998583 -0.052446 -11.421029 0.826581 0.022042 0.562386 112.164909
0.573671 -0.050338 -0.817537 -107.338432 0.011968 0.998518 -0.053083 -11.499003 0.818998 0.020668 0.573424 112.742851
0.584715 -0.048755 -0.809773 -108.184860 0.010608 0.998567 -0.052462 -11.580858 0.811170 0.022085 0.584394 113.340782
0.595593 -0.045687 -0.801986 -109.026947 0.009103 0.998701 -0.050133 -11.660030 0.803235 0.022559 0.595235 113.938988
0.605584 -0.043680 -0.794581 -109.849724 0.010479 0.998844 -0.046922 -11.734333 0.795712 0.020089 0.605342 114.547302
0.615308 -0.043075 -0.787109 -110.663864 0.010627 0.998868 -0.046356 -11.807174 0.788215 0.020159 0.615069 115.157173
0.625443 -0.042486 -0.779112 -111.446915 0.009043 0.998844 -0.047208 -11.876714 0.780217 0.022481 0.625105 115.766037
0.635081 -0.042101 -0.771297 -112.227875 0.007749 0.998811 -0.048140 -11.947558 0.772407 0.024596 0.634652 116.392509
0.644283 -0.041336 -0.763669 -112.990036 0.007562 0.998834 -0.047685 -12.014812 0.764750 0.024948 0.643844 117.015381
0.653440 -0.038491 -0.755999 -113.733665 0.006307 0.998949 -0.045409 -12.083419 0.756952 0.024904 0.652996 117.640518
0.662193 -0.037055 -0.748417 -114.474052 0.006897 0.999036 -0.043362 -12.148816 0.749302 0.023552 0.661810 118.282417
0.670156 -0.036649 -0.741315 -115.193283 0.007523 0.999064 -0.042590 -12.213921 0.742182 0.022964 0.669805 118.928917
0.678125 -0.036135 -0.734058 -115.902702 0.006891 0.999059 -0.042814 -12.276518 0.734915 0.023975 0.677736 119.553612
0.685592 -0.034143 -0.727185 -116.604767 0.005489 0.999114 -0.041736 -12.344297 0.727965 0.024622 0.685172 120.203682
0.692684 -0.031083 -0.720571 -117.288589 0.004506 0.999238 -0.038772 -12.401699 0.721227 0.023609 0.692296 120.837425
0.700096 -0.028040 -0.713498 -117.977966 0.003237 0.999343 -0.036098 -12.461192 0.714042 0.022962 0.699727 121.494125
0.707590 -0.026835 -0.706114 -118.633987 0.002734 0.999375 -0.035240 -12.515364 0.706618 0.023005 0.707221 122.130463
0.714967 -0.026014 -0.698674 -119.270149 0.002289 0.999389 -0.034868 -12.574470 0.699155 0.023330 0.714590 122.761353
0.723516 -0.023101 -0.689921 -119.901123 0.000122 0.999444 -0.033337 -12.626477 0.690308 0.024036 0.723116 123.388710
0.732484 -0.019802 -0.680496 -120.524162 -0.000829 0.999550 -0.029979 -12.677669 0.680783 0.022524 0.732139 124.040039
0.741760 -0.016220 -0.670469 -121.122849 -0.002593 0.999631 -0.027052 -12.722370 0.670660 0.021805 0.741444 124.679756
0.751831 -0.013984 -0.659208 -121.701836 -0.004289 0.999650 -0.026097 -12.766517 0.659342 0.022448 0.751508 125.310844
0.761825 -0.013496 -0.647643 -122.264992 -0.005602 0.999608 -0.027421 -12.799977 0.647759 0.024518 0.761451 125.950951
0.771746 -0.014093 -0.635775 -122.807602 -0.005483 0.999570 -0.028812 -12.843243 0.635907 0.025721 0.771337 126.601219
0.781780 -0.013244 -0.623413 -123.342575 -0.005634 0.999584 -0.028300 -12.888033 0.623528 0.025637 0.781380 127.258247
0.791862 -0.011410 -0.610593 -123.868393 -0.005856 0.999638 -0.026275 -12.932666 0.610672 0.024382 0.791509 127.909554
0.801921 -0.009185 -0.597359 -124.381775 -0.006037 0.999706 -0.023475 -12.971747 0.597399 0.022431 0.801630 128.592926
0.811446 -0.007827 -0.584375 -124.888878 -0.005588 0.999761 -0.021151 -13.006771 0.584401 0.020428 0.811208 129.273682
0.820540 -0.006260 -0.571555 -125.383156 -0.005152 0.999818 -0.018347 -13.042703 0.571566 0.017999 0.820358 129.967819
0.828602 -0.005594 -0.559811 -125.861145 -0.004351 0.999856 -0.016431 -13.070465 0.559822 0.016050 0.828458 130.666763
0.835744 -0.005608 -0.549090 -126.318451 -0.003063 0.999885 -0.014873 -13.100890 0.549111 0.014112 0.835631 131.375656
0.842568 -0.005594 -0.538561 -126.780388 -0.002663 0.999891 -0.014552 -13.136645 0.538583 0.013695 0.842461 132.087128
0.849295 -0.004501 -0.527900 -127.237564 -0.003560 0.999892 -0.014254 -13.163923 0.527907 0.013986 0.849187 132.782806
0.856008 -0.002911 -0.516954 -127.696930 -0.004772 0.999897 -0.013533 -13.195095 0.516940 0.014052 0.855906 133.500885
0.862229 -0.001600 -0.506516 -128.130478 -0.005763 0.999899 -0.012969 -13.211164 0.506485 0.014102 0.862133 134.223495
0.868176 -0.002194 -0.496252 -128.565460 -0.004907 0.999903 -0.013006 -13.235292 0.496233 0.013727 0.868081 134.972473
0.873602 -0.003110 -0.486631 -128.989120 -0.004071 0.999898 -0.013698 -13.260914 0.486624 0.013948 0.873500 135.743561
0.877739 -0.003823 -0.479123 -129.398788 -0.003436 0.999892 -0.014273 -13.294989 0.479126 0.014174 0.877632 136.506714
0.881375 -0.003054 -0.472407 -129.827774 -0.003727 0.999903 -0.013417 -13.325289 0.472402 0.013587 0.881278 137.281342
0.884511 -0.001201 -0.466517 -130.250290 -0.003944 0.999942 -0.010050 -13.357485 0.466502 0.010729 0.884455 138.065475
0.887656 0.002830 -0.460499 -130.670990 -0.006181 0.999964 -0.005767 -13.390338 0.460466 0.007966 0.887642 138.866562
0.891038 0.005733 -0.453893 -131.101913 -0.007911 0.999965 -0.002898 -13.404645 0.453860 0.006173 0.891052 139.656082
0.894203 0.008383 -0.447584 -131.528366 -0.009714 0.999953 -0.000680 -13.425300 0.447557 0.004956 0.894242 140.478516
0.897473 0.010405 -0.440947 -131.949997 -0.010781 0.999941 0.001653 -13.428766 0.440938 0.003271 0.897531 141.300735
0.901058 0.011764 -0.433538 -132.374924 -0.010914 0.999931 0.004450 -13.440382 0.433560 0.000722 0.901124 142.165070
0.904326 0.011982 -0.426674 -132.794022 -0.010191 0.999927 0.006480 -13.448439 0.426720 -0.001511 0.904382 143.022522
0.908024 0.011820 -0.418751 -133.199814 -0.009503 0.999926 0.007618 -13.463129 0.418810 -0.002938 0.908069 143.902466
0.911830 0.011164 -0.410416 -133.604980 -0.008794 0.999932 0.007662 -13.451652 0.410474 -0.003377 0.911866 144.794373
0.915801 0.008784 -0.401536 -133.999542 -0.006386 0.999953 0.007309 -13.469144 0.401581 -0.004130 0.915814 145.698563
0.919896 0.007261 -0.392095 -134.399094 -0.005194 0.999966 0.006333 -13.475528 0.392128 -0.003789 0.919903 146.602615
0.924712 0.006381 -0.380613 -134.791672 -0.004985 0.999977 0.004655 -13.498013 0.380634 -0.002407 0.924723 147.536407
0.930095 0.007985 -0.367233 -135.189438 -0.007003 0.999967 0.004006 -13.514570 0.367253 -0.001155 0.930120 148.467316
0.936239 0.011503 -0.351175 -135.589127 -0.010322 0.999933 0.005233 -13.533085 0.351211 -0.001274 0.936295 149.418655
0.942831 0.015542 -0.332908 -135.954285 -0.013629 0.999874 0.008080 -13.531802 0.332992 -0.003081 0.942925 150.398529
0.949582 0.018639 -0.312965 -136.313293 -0.016327 0.999817 0.010005 -13.539139 0.313094 -0.004391 0.949712 151.396683
0.956206 0.020502 -0.291975 -136.646408 -0.018056 0.999776 0.011070 -13.549069 0.292136 -0.005313 0.956362 152.416550
0.962371 0.022051 -0.270845 -136.963242 -0.019426 0.999735 0.012369 -13.538064 0.271045 -0.006642 0.962544 153.453384
0.968133 0.022814 -0.249395 -137.266953 -0.019671 0.999693 0.015088 -13.550569 0.249663 -0.009702 0.968284 154.512741
0.973488 0.025064 -0.227362 -137.541199 -0.021391 0.999598 0.018606 -13.543692 0.227737 -0.013249 0.973633 155.604034
0.978347 0.026993 -0.205202 -137.790817 -0.022775 0.999479 0.022891 -13.552242 0.205713 -0.017722 0.978452 156.707581
0.982679 0.029011 -0.183031 -138.035599 -0.024600 0.999351 0.026322 -13.540947 0.183676 -0.021364 0.982755 157.819916
0.986435 0.030383 -0.161318 -138.238754 -0.026378 0.999290 0.026916 -13.539798 0.162021 -0.022296 0.986535 158.933838
0.989726 0.030144 -0.139766 -138.422653 -0.026883 0.999322 0.025159 -13.521092 0.140430 -0.021144 0.989865 160.065903
0.992423 0.030139 -0.119113 -138.582733 -0.027455 0.999332 0.024111 -13.504067 0.119760 -0.020658 0.992588 161.229156
0.994671 0.029048 -0.098919 -138.715744 -0.026653 0.999321 0.025451 -13.489507 0.099591 -0.022679 0.994770 162.425705
0.996461 0.029449 -0.078726 -138.838730 -0.027347 0.999243 0.027650 -13.485729 0.079481 -0.025399 0.996513 163.623764
0.997841 0.029761 -0.058546 -138.935654 -0.028113 0.999191 0.028774 -13.477606 0.059355 -0.027066 0.997870 164.828995
0.998781 0.031070 -0.038350 -139.010056 -0.029945 0.999114 0.029575 -13.465652 0.039235 -0.028391 0.998827 166.036011
0.999345 0.031610 -0.017631 -139.056992 -0.031070 0.999063 0.030129 -13.444840 0.018567 -0.029561 0.999390 167.274734
0.999438 0.033420 0.002646 -139.081451 -0.033484 0.998988 0.030024 -13.434521 -0.001640 -0.030096 0.999546 168.511810
0.999138 0.034625 0.022904 -139.070755 -0.035282 0.998958 0.028959 -13.409401 -0.021878 -0.029742 0.999318 169.773560
0.998506 0.034593 0.042288 -139.045853 -0.035755 0.998995 0.027031 -13.394459 -0.041311 -0.028503 0.998740 171.033386
0.997460 0.036217 0.061335 -138.998825 -0.037787 0.998982 0.024643 -13.387196 -0.060380 -0.026898 0.997813 172.308182
0.996099 0.036873 0.080170 -138.917343 -0.038806 0.998989 0.022689 -13.361053 -0.079252 -0.025712 0.996523 173.596603
0.994412 0.036535 0.099043 -138.820724 -0.038717 0.999046 0.020193 -13.360721 -0.098211 -0.023914 0.994878 174.893707
0.992346 0.037376 0.117700 -138.691147 -0.039435 0.999106 0.015208 -13.349943 -0.117026 -0.019733 0.992933 176.182693
0.990013 0.038588 0.135595 -138.536758 -0.040181 0.999152 0.009028 -13.367424 -0.135131 -0.014386 0.990723 177.492020
0.987377 0.040989 0.152990 -138.362518 -0.042016 0.999111 0.003490 -13.361202 -0.152711 -0.009874 0.988222 178.822205
0.984428 0.042740 0.170514 -138.164688 -0.043324 0.999061 -0.000296 -13.385727 -0.170366 -0.007096 0.985355 180.140579
0.981092 0.045021 0.188234 -137.942886 -0.045211 0.998972 -0.003286 -13.400267 -0.188188 -0.005286 0.982119 181.480438
0.977651 0.044901 0.205386 -137.693848 -0.045125 0.998975 -0.003597 -13.413949 -0.205337 -0.005752 0.978674 182.829559
0.973824 0.043732 0.223055 -137.399857 -0.043969 0.999025 -0.003908 -13.433831 -0.223009 -0.006001 0.974798 184.184677
0.969904 0.042776 0.239701 -137.086166 -0.042087 0.999082 -0.007997 -13.475884 -0.239823 -0.002332 0.970814 185.525223
0.965599 0.043819 0.256318 -136.749023 -0.042036 0.999039 -0.012434 -13.516368 -0.256616 0.001231 0.966513 186.876480
0.961037 0.046070 0.272553 -136.413849 -0.044189 0.998938 -0.013040 -13.551989 -0.272865 0.000488 0.962052 188.238113
0.955716 0.047670 0.290403 -136.034821 -0.045851 0.998863 -0.013069 -13.595730 -0.290696 -0.000825 0.956815 189.596344
0.949984 0.050968 0.308113 -135.630844 -0.048415 0.998700 -0.015931 -13.628007 -0.308524 0.000216 0.951216 190.947113
0.944249 0.052244 0.325062 -135.206635 -0.048528 0.998631 -0.019534 -13.666653 -0.325637 0.002670 0.945491 192.306183
0.938149 0.052773 0.342187 -134.737854 -0.048042 0.998596 -0.022295 -13.709908 -0.342883 0.004477 0.939367 193.662369
0.931472 0.052653 0.359982 -134.252914 -0.046074 0.998577 -0.026839 -13.764086 -0.360883 0.008414 0.932573 195.014359
0.923981 0.055170 0.378439 -133.752014 -0.046320 0.998399 -0.032457 -13.839141 -0.379624 0.012461 0.925057 196.345245
0.914995 0.058568 0.399192 -133.216980 -0.048089 0.998186 -0.036223 -13.914345 -0.400589 0.013947 0.916152 197.685486
0.904440 0.061464 0.422150 -132.647614 -0.050221 0.998026 -0.037712 -13.984617 -0.423635 0.012907 0.905741 199.012115
0.892151 0.065049 0.447029 -132.045715 -0.052779 0.997810 -0.039861 -14.067709 -0.448643 0.011969 0.893631 200.343536
0.878975 0.069273 0.471809 -131.399750 -0.055502 0.997530 -0.043061 -14.144543 -0.473626 0.011663 0.880649 201.670837
0.865130 0.072553 0.496272 -130.725464 -0.057188 0.997298 -0.046106 -14.235115 -0.498277 0.011507 0.866942 202.976532
0.851167 0.074316 0.519607 -129.994019 -0.057440 0.997169 -0.048528 -14.315728 -0.521743 0.011459 0.853026 204.259781
0.836372 0.075087 0.542996 -129.228073 -0.056625 0.997109 -0.050664 -14.409209 -0.545230 0.011627 0.838206 205.535995
0.820970 0.076429 0.565833 -128.426804 -0.054846 0.996974 -0.055088 -14.507801 -0.568331 0.014192 0.822678 206.791794
0.805550 0.078488 0.587307 -127.581741 -0.053290 0.996768 -0.060116 -14.618398 -0.590127 0.017129 0.807128 208.026596
0.790298 0.080040 0.607472 -126.691673 -0.051878 0.996612 -0.063822 -14.734443 -0.610522 0.018924 0.791773 209.244537
0.774962 0.081358 0.626750 -125.774086 -0.050611 0.996484 -0.066774 -14.858081 -0.629978 0.020026 0.776354 210.435852
0.760056 0.081976 0.644667 -124.829773 -0.049247 0.996425 -0.068643 -14.981582 -0.647989 0.020425 0.761375 211.615189
0.745266 0.081876 0.661721 -123.851501 -0.047354 0.996425 -0.069957 -15.109598 -0.665084 0.020802 0.746479 212.779083
0.731160 0.082029 0.677257 -122.842628 -0.044728 0.996373 -0.072392 -15.239492 -0.680739 0.022637 0.732177 213.909073
0.716762 0.082722 0.692394 -121.804199 -0.041906 0.996254 -0.075644 -15.373758 -0.696057 0.025203 0.717544 215.028687
0.702515 0.084473 0.706638 -120.755402 -0.039830 0.996041 -0.079470 -15.523487 -0.710553 0.027683 0.703098 216.125504
0.688131 0.086626 0.720397 -119.678238 -0.039035 0.995830 -0.082459 -15.665268 -0.724536 0.028622 0.688643 217.191620
0.673454 0.087216 0.734066 -118.583664 -0.038180 0.995794 -0.083284 -15.827958 -0.738242 0.028061 0.673952 218.257126
0.657812 0.088256 0.747994 -117.462074 -0.038871 0.995766 -0.083306 -15.987574 -0.752178 0.025725 0.658457 219.292114
0.641262 0.088945 0.762149 -116.327042 -0.041030 0.995813 -0.081692 -16.153042 -0.766224 0.021115 0.642227 220.304916
0.623993 0.089729 0.776261 -115.173836 -0.043792 0.995840 -0.079908 -16.303362 -0.780202 0.015868 0.625327 221.298477
0.606249 0.090768 0.790078 -114.008278 -0.045761 0.995801 -0.079289 -16.461912 -0.793957 0.011914 0.607857 222.256775
0.588655 0.093043 0.803012 -112.839783 -0.046575 0.995608 -0.081216 -16.609314 -0.807041 0.010408 0.590403 223.172302
0.571182 0.096284 0.815157 -111.672630 -0.049033 0.995325 -0.083207 -16.768833 -0.819358 0.007556 0.573233 224.056671
0.552649 0.097013 0.827749 -110.491623 -0.050452 0.995275 -0.082963 -16.923237 -0.831886 0.004088 0.554932 224.900726
0.532589 0.095866 0.840927 -109.295197 -0.051335 0.995394 -0.080963 -17.077541 -0.844815 -0.000049 0.535058 225.722336
0.511770 0.093833 0.853983 -108.076256 -0.051692 0.995580 -0.078413 -17.228458 -0.857566 -0.004015 0.514359 226.503815
0.491129 0.091983 0.866217 -106.855728 -0.051777 0.995734 -0.076379 -17.377804 -0.869547 -0.007338 0.493796 227.253708
0.469982 0.090421 0.878032 -105.631874 -0.050706 0.995862 -0.075414 -17.515184 -0.881218 -0.009078 0.472623 227.956161
0.449384 0.089396 0.888855 -104.396500 -0.049888 0.995939 -0.074944 -17.658413 -0.891945 -0.010664 0.452018 228.631134
0.428542 0.088493 0.899178 -103.163612 -0.047513 0.996022 -0.075380 -17.789783 -0.902272 -0.010420 0.431042 229.264465
0.408441 0.087994 0.908533 -101.930183 -0.044499 0.996079 -0.076468 -17.932632 -0.911699 -0.009196 0.410755 229.845398
0.387861 0.087108 0.917593 -100.679718 -0.041819 0.996162 -0.076890 -18.069952 -0.920769 -0.008550 0.390015 230.399750
0.367558 0.085177 0.926092 -99.423393 -0.040422 0.996319 -0.075593 -18.210188 -0.929122 -0.009650 0.369648 230.932098
0.347379 0.084463 0.933913 -98.190697 -0.038383 0.996381 -0.075835 -18.348946 -0.936939 -0.009503 0.349364 231.424088
0.327321 0.088745 0.940736 -96.960403 -0.037677 0.996014 -0.080850 -18.487047 -0.944162 -0.008980 0.329360 231.895340
0.308101 0.097069 0.946389 -95.748070 -0.038074 0.995242 -0.089684 -18.628157 -0.950591 -0.008401 0.310331 232.329254
0.288777 0.104757 0.951648 -94.535843 -0.041150 0.994435 -0.096980 -18.772696 -0.956512 -0.011155 0.291481 232.738388
0.269326 0.108276 0.956943 -93.328941 -0.045289 0.993984 -0.099721 -18.926718 -0.961984 -0.016481 0.272610 233.129288
0.249408 0.108881 0.962258 -92.117645 -0.048117 0.993825 -0.099981 -19.084898 -0.967202 -0.021365 0.253107 233.489059
0.229803 0.109288 0.967082 -90.903923 -0.051799 0.993640 -0.099981 -19.235857 -0.971858 -0.027118 0.234002 233.834808
0.210638 0.108581 0.971515 -89.701714 -0.053111 0.993616 -0.099535 -19.390718 -0.976120 -0.030632 0.215060 234.142609
0.192097 0.107552 0.975465 -88.488785 -0.053153 0.993658 -0.099091 -19.537607 -0.979936 -0.032813 0.196595 234.408600
0.173743 0.106913 0.978970 -87.292809 -0.052258 0.993690 -0.099246 -19.685953 -0.983403 -0.033916 0.178234 234.658310
0.155156 0.107530 0.982020 -86.106094 -0.052106 0.993565 -0.100561 -19.830345 -0.986515 -0.035566 0.159760 234.881165
0.136293 0.110306 0.984508 -84.921104 -0.054495 0.993112 -0.103726 -19.974669 -0.989169 -0.039514 0.141366 235.096161
0.117913 0.111021 0.986798 -83.747009 -0.055229 0.992926 -0.105111 -20.136881 -0.991487 -0.042105 0.123210 235.276642
0.100915 0.107518 0.989068 -82.556992 -0.055535 0.993202 -0.102301 -20.286499 -0.993344 -0.044604 0.106200 235.426270
0.086023 0.102946 0.990960 -81.370567 -0.052931 0.993715 -0.098638 -20.442488 -0.994886 -0.043967 0.090931 235.557281
0.072107 0.098622 0.992509 -80.210838 -0.052595 0.994091 -0.094958 -20.584812 -0.996009 -0.045354 0.076868 235.670944
0.059907 0.095695 0.993606 -79.047356 -0.050029 0.994431 -0.092758 -20.715904 -0.996949 -0.044152 0.064361 235.750778
0.049339 0.095967 0.994161 -77.919296 -0.049215 0.994398 -0.093547 -20.843414 -0.997569 -0.044312 0.053786 235.828110
0.041442 0.098203 0.994303 -76.805466 -0.049335 0.994145 -0.096131 -20.977102 -0.997922 -0.045070 0.046044 235.894409
0.034873 0.100159 0.994360 -75.697281 -0.050881 0.993853 -0.098324 -21.108454 -0.998096 -0.047165 0.039755 235.949097
0.028724 0.105211 0.994035 -74.612930 -0.050649 0.993321 -0.103672 -21.221832 -0.998303 -0.047369 0.033861 236.004166
0.023547 0.112328 0.993392 -73.556465 -0.050539 0.992531 -0.111033 -21.373732 -0.998444 -0.047591 0.029048 236.042175
0.018950 0.112966 0.993418 -72.489548 -0.052345 0.992346 -0.111846 -21.531567 -0.998449 -0.049881 0.024718 236.084000
0.015663 0.104241 0.994429 -71.395546 -0.052113 0.993284 -0.103300 -21.684721 -0.998518 -0.050205 0.020990 236.118942
0.013722 0.095192 0.995364 -70.320427 -0.050653 0.994246 -0.094386 -21.808371 -0.998622 -0.049123 0.018465 236.137985
0.012773 0.092698 0.995612 -69.251106 -0.049680 0.994523 -0.091959 -21.925964 -0.998684 -0.048287 0.017309 236.164612
0.012836 0.094718 0.995421 -68.222443 -0.049628 0.994337 -0.093975 -22.036705 -0.998685 -0.048195 0.017464 236.198334
0.013594 0.097893 0.995104 -67.197357 -0.049554 0.994039 -0.097112 -22.156021 -0.998679 -0.047992 0.018364 236.221771
0.015200 0.099671 0.994904 -66.168228 -0.051009 0.993801 -0.098781 -22.280893 -0.998583 -0.049248 0.020190 236.247131
0.017536 0.101013 0.994731 -65.150543 -0.053294 0.993564 -0.099954 -22.402889 -0.998425 -0.051261 0.022807 236.280350
0.020727 0.101871 0.994582 -64.134361 -0.054846 0.993413 -0.100608 -22.526670 -0.998280 -0.052463 0.026178 236.305084
0.024480 0.103463 0.994332 -63.138077 -0.056882 0.993163 -0.101941 -22.649761 -0.998081 -0.054064 0.030197 236.345749
0.029468 0.104258 0.994114 -62.142185 -0.058609 0.993015 -0.102406 -22.766680 -0.997846 -0.055246 0.035373 236.378250
0.035922 0.104069 0.993921 -61.141155 -0.059381 0.993028 -0.101829 -22.885044 -0.997589 -0.055363 0.041852 236.425201
0.042753 0.102389 0.993825 -60.142250 -0.059021 0.993256 -0.099792 -23.006340 -0.997341 -0.054390 0.048508 236.466507
0.050504 0.102109 0.993490 -59.151516 -0.056236 0.993472 -0.099249 -23.128443 -0.997139 -0.050857 0.055917 236.506607
0.057368 0.102460 0.993082 -58.178699 -0.056182 0.993475 -0.099255 -23.246666 -0.996771 -0.050100 0.062750 236.570770
0.064257 0.102422 0.992664 -57.196186 -0.057248 0.993459 -0.098798 -23.375811 -0.996290 -0.050480 0.069700 236.645599
0.070960 0.101366 0.992315 -56.226295 -0.058970 0.993509 -0.097271 -23.487442 -0.995735 -0.051614 0.076477 236.730865
0.077346 0.099715 0.992005 -55.235409 -0.059368 0.993681 -0.095255 -23.604086 -0.995235 -0.051525 0.082777 236.822998
0.084231 0.098115 0.991604 -54.263695 -0.059008 0.993885 -0.093328 -23.720549 -0.994698 -0.050652 0.089505 236.913727
0.091352 0.098539 0.990931 -53.300354 -0.058714 0.993894 -0.093421 -23.830391 -0.994086 -0.049648 0.096580 237.001236
0.098053 0.100505 0.990093 -52.336250 -0.058290 0.993759 -0.095105 -23.943653 -0.993473 -0.048388 0.103300 237.103088
0.104959 0.102173 0.989214 -51.372055 -0.058474 0.993621 -0.096424 -24.052570 -0.992756 -0.047723 0.110264 237.206635
0.111329 0.103909 0.988336 -50.404171 -0.060243 0.993395 -0.097655 -24.170696 -0.991956 -0.048668 0.116854 237.331589
0.117669 0.104966 0.987490 -49.450684 -0.062262 0.993221 -0.098156 -24.276327 -0.991099 -0.049934 0.123407 237.471664
0.124207 0.105102 0.986674 -48.499802 -0.063467 0.993180 -0.097805 -24.387117 -0.990224 -0.050473 0.130030 237.600647
0.130274 0.103228 0.986090 -47.548267 -0.064680 0.993332 -0.095441 -24.493517 -0.989366 -0.051346 0.136082 237.743179
