1.000000 0.000000 0.000000 0.000000 0.000000 1.000000 0.000000 0.000000 0.000000 0.000000 1.000000 0.000000
0.999987 -0.001334 0.004976 0.008891 0.001327 0.999998 0.001434 -0.000370 -0.004978 -0.001428 0.999987 0.148529
0.999954 -0.003652 0.008842 0.025472 0.003639 0.999992 0.001474 -0.003074 -0.008848 -0.001442 0.999960 0.383435
0.999938 -0.006036 0.009394 0.036765 0.006032 0.999982 0.000413 -0.005580 -0.009396 -0.000356 0.999956 0.665141
0.999953 -0.007205 0.006422 0.048040 0.007212 0.999973 -0.001085 -0.008350 -0.006414 0.001131 0.999979 0.959252
0.999957 -0.009252 -0.001033 0.056170 0.009249 0.999954 -0.002662 -0.007794 0.001058 0.002652 0.999996 1.267301
0.999850 -0.010307 -0.013940 0.052793 0.010244 0.999937 -0.004553 -0.018765 0.013986 0.004409 0.999892 1.590913
0.999488 -0.008874 -0.030740 0.034139 0.008728 0.999950 -0.004870 -0.030027 0.030781 0.004600 0.999516 1.919486
0.998734 -0.004917 -0.050056 0.000381 0.004685 0.999978 -0.004749 -0.042209 0.050079 0.004509 0.998735 2.264790
0.997546 -0.001782 -0.069998 -0.036486 0.001354 0.999980 -0.006170 -0.048006 0.070007 0.006060 0.997528 2.614555
0.995885 -0.001494 -0.090617 -0.068730 0.000865 0.999975 -0.006984 -0.046783 0.090625 0.006876 0.995861 2.972268
0.993756 -0.002340 -0.111547 -0.100734 0.001585 0.999975 -0.006860 -0.050223 0.111561 0.006640 0.993735 3.344169
0.991336 -0.003216 -0.131314 -0.137567 0.002430 0.999978 -0.006147 -0.061137 0.131331 0.005775 0.991322 3.721622
0.988708 -0.002157 -0.149840 -0.197131 0.001323 0.999983 -0.005664 -0.073299 0.149849 0.005402 0.988694 4.109816
0.986102 -0.000888 -0.166137 -0.267614 0.000010 0.999986 -0.005286 -0.081267 0.166140 0.005210 0.986088 4.504543
0.983511 -0.000402 -0.180847 -0.341261 -0.000622 0.999984 -0.005602 -0.089881 0.180847 0.005622 0.983495 4.898353
0.981175 -0.001190 -0.193116 -0.413769 -0.000102 0.999978 -0.006680 -0.096596 0.193120 0.006574 0.981153 5.306942
0.979086 -0.003986 -0.203406 -0.487034 0.002288 0.999961 -0.008581 -0.106998 0.203432 0.007937 0.979057 5.737599
0.977222 -0.002878 -0.212199 -0.584707 0.000763 0.999949 -0.010048 -0.123788 0.212217 0.009657 0.977175 6.180779
0.975529 -0.002379 -0.219856 -0.693709 -0.000219 0.999931 -0.011790 -0.129725 0.219869 0.011549 0.975461 6.634758
0.973709 -0.003147 -0.227772 -0.801811 -0.000175 0.999894 -0.014562 -0.140281 0.227794 0.014219 0.973606 7.105793
0.971734 -0.006238 -0.235998 -0.906147 0.002435 0.999862 -0.016403 -0.148939 0.236067 0.015364 0.971615 7.584152
0.969775 -0.011278 -0.243741 -1.008407 0.007194 0.999819 -0.017639 -0.163969 0.243896 0.015352 0.969680 8.090173
0.967586 -0.011236 -0.252291 -1.136386 0.006691 0.999800 -0.018865 -0.196119 0.252453 0.016566 0.967467 8.611715
0.965376 -0.007531 -0.260753 -1.289884 0.001774 0.999750 -0.022307 -0.211324 0.260855 0.021072 0.965148 9.124737
0.962930 -0.004783 -0.269708 -1.451221 -0.002176 0.999673 -0.025497 -0.225379 0.269742 0.025139 0.962605 9.660883
0.960458 -0.006662 -0.278347 -1.595313 -0.001090 0.999616 -0.027687 -0.237978 0.278424 0.026896 0.960082 10.205604
0.957949 -0.008749 -0.286805 -1.746633 0.000365 0.999571 -0.029273 -0.266791 0.286938 0.027937 0.957542 10.765969
0.955545 -0.008451 -0.294723 -1.919195 -0.000726 0.999519 -0.031015 -0.296582 0.294843 0.029851 0.955079 11.332170
0.952901 -0.007395 -0.303192 -2.105414 -0.003194 0.999403 -0.034413 -0.322296 0.303265 0.033760 0.952308 11.905248
0.950487 -0.008542 -0.310645 -2.293005 -0.003842 0.999223 -0.039232 -0.348606 0.310739 0.038483 0.949716 12.486905
0.948638 -0.009501 -0.316221 -2.491142 -0.005466 0.998908 -0.046409 -0.385739 0.316316 0.045754 0.947550 13.071284
0.946978 -0.009369 -0.321161 -2.701782 -0.008438 0.998505 -0.054010 -0.417814 0.321187 0.053857 0.945483 13.665905
0.945371 -0.009181 -0.325867 -2.920276 -0.011754 0.997993 -0.062219 -0.456520 0.325784 0.062650 0.943366 14.270863
0.944005 -0.008392 -0.329824 -3.147836 -0.015721 0.997397 -0.070376 -0.495934 0.329556 0.071621 0.941416 14.888507
0.942485 -0.006655 -0.334182 -3.379215 -0.020209 0.996838 -0.076848 -0.544661 0.333637 0.079181 0.939370 15.515053
0.940761 -0.004800 -0.339037 -3.621438 -0.024728 0.996266 -0.082720 -0.601805 0.338168 0.086203 0.937129 16.147825
0.938569 -0.002805 -0.345079 -3.877200 -0.029502 0.995654 -0.088335 -0.662244 0.343828 0.093089 0.934407 16.791513
0.936616 -0.000209 -0.350358 -4.138907 -0.034509 0.995082 -0.092846 -0.731568 0.348655 0.099051 0.932003 17.454781
0.934436 0.002914 -0.356119 -4.411703 -0.039768 0.994566 -0.096212 -0.801360 0.353904 0.104067 0.929474 18.134047
0.932238 0.004819 -0.361815 -4.685313 -0.043104 0.994271 -0.097816 -0.872879 0.359270 0.106784 0.927104 18.825027
0.929888 0.006595 -0.367785 -4.959611 -0.045557 0.994206 -0.097356 -0.956629 0.365012 0.107285 0.924801 19.520594
0.927655 0.007010 -0.373374 -5.237599 -0.046175 0.994304 -0.096056 -1.042652 0.370574 0.106348 0.922695 20.233828
0.924450 0.007624 -0.381227 -5.530256 -0.046997 0.994455 -0.094076 -1.127284 0.378396 0.104885 0.919682 20.963795
0.921261 0.009676 -0.388824 -5.830016 -0.048952 0.994626 -0.091234 -1.215255 0.385851 0.103084 0.916784 21.700132
0.917711 0.012524 -0.397052 -6.139132 -0.050793 0.994998 -0.086015 -1.296898 0.393989 0.099105 0.913756 22.443419
0.913924 0.016079 -0.405567 -6.460986 -0.053326 0.995310 -0.080707 -1.383167 0.402368 0.095388 0.910495 23.187857
0.909865 0.020331 -0.414406 -6.796655 -0.057238 0.995399 -0.076837 -1.466793 0.410937 0.093631 0.906843 23.937769
0.905795 0.021351 -0.423179 -7.133690 -0.058417 0.995485 -0.074813 -1.547952 0.419671 0.092486 0.902952 24.692085
0.901503 0.021852 -0.432221 -7.474146 -0.059734 0.995448 -0.074263 -1.626764 0.428631 0.092767 0.898704 25.438803
0.897355 0.022424 -0.440740 -7.833851 -0.060922 0.995441 -0.073392 -1.700425 0.437085 0.092709 0.894630 26.191465
0.893325 0.024362 -0.448751 -8.217535 -0.063229 0.995411 -0.071832 -1.780176 0.444942 0.092544 0.890765 26.960135
0.888959 0.024949 -0.457308 -8.594175 -0.063736 0.995538 -0.069585 -1.855378 0.453531 0.091005 0.886582 27.730568
0.884558 0.026544 -0.465674 -8.987096 -0.064394 0.995769 -0.065558 -1.933296 0.461964 0.087977 0.882524 28.517826
0.880383 0.029056 -0.473372 -9.404181 -0.065374 0.996028 -0.060446 -2.005242 0.469735 0.084162 0.878786 29.309650
0.876471 0.029355 -0.480558 -9.824573 -0.064335 0.996329 -0.056478 -2.076012 0.477136 0.080418 0.875142 30.108500
0.872225 0.028690 -0.488263 -10.243954 -0.063238 0.996514 -0.054412 -2.149235 0.485000 0.078336 0.870999 30.910929
0.868516 0.028915 -0.494817 -10.683812 -0.063363 0.996583 -0.052979 -2.213546 0.491594 0.077366 0.867381 31.713284
0.865166 0.030569 -0.500554 -11.140137 -0.064743 0.996596 -0.051042 -2.275062 0.497290 0.076567 0.864199 32.521725
0.862371 0.029964 -0.505389 -11.612980 -0.063851 0.996713 -0.049858 -2.339794 0.502234 0.075266 0.861450 33.353725
0.859516 0.028464 -0.510316 -12.100222 -0.062399 0.996823 -0.049497 -2.404710 0.507286 0.074386 0.858561 34.188568
0.857272 0.027924 -0.514105 -12.600137 -0.062351 0.996810 -0.049827 -2.468798 0.511074 0.074770 0.856279 35.023708
0.855783 0.028475 -0.516550 -13.115821 -0.063404 0.996730 -0.050099 -2.530792 0.513434 0.075625 0.854790 35.866219
0.855153 0.028901 -0.517570 -13.634884 -0.063704 0.996736 -0.049597 -2.593579 0.514447 0.075385 0.854202 36.724289
0.854621 0.029256 -0.518428 -14.156397 -0.063294 0.996836 -0.048086 -2.653622 0.515381 0.073909 0.853768 37.597988
0.854271 0.028220 -0.519062 -14.682215 -0.061742 0.996965 -0.047413 -2.717803 0.516149 0.072551 0.853421 38.473633
0.853582 0.026579 -0.520280 -15.207216 -0.060355 0.997018 -0.048087 -2.780460 0.517451 0.072448 0.852641 39.347435
0.852342 0.025418 -0.522367 -15.749113 -0.059867 0.996995 -0.049171 -2.845147 0.519548 0.073183 0.851302 40.232342
0.850687 0.026798 -0.524990 -16.291750 -0.060746 0.997021 -0.047538 -2.911303 0.522152 0.072331 0.849780 41.122276
0.848874 0.029169 -0.527790 -16.844707 -0.061789 0.997107 -0.044273 -2.978756 0.524972 0.070194 0.848220 42.034786
0.846412 0.030200 -0.531672 -17.398104 -0.061085 0.997307 -0.040597 -3.043603 0.529014 0.066839 0.845977 42.953346
0.842953 0.030352 -0.537130 -17.950939 -0.060420 0.997432 -0.038458 -3.111349 0.534584 0.064872 0.842622 43.842892
0.837356 0.027622 -0.545959 -18.516636 -0.058573 0.997507 -0.039369 -3.176065 0.543511 0.064944 0.836886 44.730843
0.831056 0.024624 -0.555643 -19.090940 -0.057402 0.997482 -0.041650 -3.244479 0.553218 0.066509 0.830377 45.609154
0.824750 0.025200 -0.564936 -19.685787 -0.058627 0.997434 -0.041097 -3.307701 0.562450 0.067015 0.824111 46.480309
0.818788 0.028984 -0.573363 -20.313211 -0.060762 0.997490 -0.036347 -3.368078 0.570871 0.064599 0.818494 47.359821
0.813534 0.033529 -0.580550 -20.944126 -0.063748 0.997462 -0.031723 -3.436591 0.578013 0.062816 0.813606 48.223362
0.809175 0.033165 -0.586630 -21.561111 -0.064314 0.997406 -0.032325 -3.493944 0.584037 0.063886 0.809209 49.063087
0.805601 0.030651 -0.591666 -22.175323 -0.064219 0.997294 -0.035775 -3.548971 0.588968 0.066817 0.805389 49.897644
0.802513 0.028177 -0.595968 -22.798510 -0.066253 0.996915 -0.042080 -3.617014 0.592944 0.073255 0.801905 50.728054
0.799137 0.027761 -0.600507 -23.433384 -0.067779 0.996724 -0.044121 -3.672901 0.597315 0.075960 0.798401 51.570801
0.795342 0.029135 -0.605461 -24.074791 -0.067639 0.996872 -0.040882 -3.736602 0.602376 0.073468 0.794824 52.428272
0.791776 0.032730 -0.609933 -24.721588 -0.068990 0.996965 -0.036060 -3.800244 0.606902 0.070631 0.791632 53.280136
0.787959 0.034303 -0.614772 -25.376621 -0.068982 0.997079 -0.032781 -3.859792 0.611852 0.068238 0.788023 54.117466
0.784451 0.035580 -0.619169 -26.032597 -0.070903 0.996952 -0.032542 -3.919554 0.616124 0.069428 0.784583 54.948269
0.781083 0.034962 -0.623447 -26.679527 -0.071920 0.996824 -0.034205 -3.974296 0.620271 0.071555 0.781117 55.778065
0.777607 0.033213 -0.627873 -27.333065 -0.071927 0.996747 -0.036355 -4.031073 0.624623 0.073431 0.777467 56.610111
0.773079 0.033651 -0.633416 -28.004723 -0.073468 0.996621 -0.036721 -4.088181 0.630040 0.074924 0.772940 57.443329
0.768744 0.034026 -0.638651 -28.681095 -0.073815 0.996631 -0.035752 -4.144388 0.635283 0.074626 0.768666 58.273312
0.763358 0.035087 -0.645022 -29.365498 -0.075252 0.996555 -0.034849 -4.202322 0.641578 0.075141 0.763369 59.102776
0.758189 0.034845 -0.651103 -30.056831 -0.075978 0.996490 -0.035145 -4.264699 0.647593 0.076117 0.758175 59.917416
0.752820 0.034443 -0.657325 -30.755329 -0.076619 0.996427 -0.035538 -4.320679 0.653752 0.077117 0.752769 60.723446
0.747816 0.034007 -0.663035 -31.457127 -0.077194 0.996367 -0.035962 -4.379432 0.659403 0.078076 0.747724 61.538445
0.741809 0.033600 -0.669769 -32.158043 -0.077898 0.996300 -0.036296 -4.440159 0.666071 0.079099 0.741682 62.341145
0.735428 0.031716 -0.676860 -32.876667 -0.077013 0.996344 -0.036990 -4.501349 0.673212 0.079330 0.735182 63.144169
0.729178 0.031308 -0.683608 -33.605598 -0.077047 0.996357 -0.036552 -4.558460 0.679973 0.079323 0.728933 63.941444
0.722946 0.032030 -0.690161 -34.353695 -0.077381 0.996394 -0.034815 -4.618391 0.686557 0.078575 0.722818 64.738136
0.716641 0.031499 -0.696731 -35.116840 -0.076584 0.996493 -0.033721 -4.679012 0.693225 0.077525 0.716540 65.534325
0.710282 0.031104 -0.703230 -35.883377 -0.077045 0.996456 -0.033743 -4.741107 0.699688 0.078147 0.710162 66.315758
0.703936 0.029822 -0.709637 -36.663139 -0.077202 0.996411 -0.034708 -4.803404 0.706056 0.079218 0.703712 67.093887
0.697645 0.031032 -0.715771 -37.450897 -0.079415 0.996254 -0.034211 -4.861336 0.712029 0.080711 0.697496 67.871193
0.692312 0.032721 -0.720856 -38.245842 -0.081579 0.996116 -0.033133 -4.922120 0.716972 0.081745 0.692293 68.638458
0.687717 0.033499 -0.725206 -39.046452 -0.083252 0.995984 -0.032942 -4.980436 0.721190 0.083029 0.687744 69.406944
0.682888 0.033474 -0.729756 -39.862110 -0.084287 0.995889 -0.033192 -5.037906 0.725645 0.084175 0.682902 70.164742
0.677140 0.032187 -0.735150 -40.682106 -0.085359 0.995734 -0.035028 -5.099693 0.730887 0.086471 0.676999 70.923141
0.671864 0.029547 -0.740085 -41.509136 -0.084678 0.995717 -0.037119 -5.160571 0.735818 0.087607 0.671488 71.684166
0.666496 0.029387 -0.744929 -42.359570 -0.085915 0.995593 -0.037593 -5.220357 0.740542 0.089057 0.666083 72.447212
0.661366 0.030935 -0.749426 -43.215240 -0.087545 0.995504 -0.036165 -5.279316 0.744937 0.089527 0.661100 73.216904
0.656852 0.031884 -0.753346 -44.076981 -0.088003 0.995519 -0.034598 -5.343921 0.748867 0.089022 0.656714 73.980392
0.651789 0.031282 -0.757755 -44.943295 -0.088060 0.995512 -0.034648 -5.406795 0.753270 0.089311 0.651619 74.735596
0.647043 0.030827 -0.761830 -45.822300 -0.088272 0.995492 -0.034690 -5.464961 0.757326 0.089694 0.646848 75.483963
0.642772 0.030304 -0.765458 -46.707554 -0.087663 0.995563 -0.034198 -5.523912 0.761025 0.089084 0.642576 76.235146
0.639060 0.030618 -0.768547 -47.595806 -0.088372 0.995513 -0.033823 -5.583111 0.764063 0.089533 0.638899 76.973549
0.635109 0.028553 -0.771895 -48.486370 -0.086574 0.995651 -0.034403 -5.640009 0.767556 0.088676 0.634819 77.715439
0.631468 0.025916 -0.774969 -49.383350 -0.085747 0.995645 -0.036573 -5.705398 0.770646 0.089546 0.630941 78.469223
0.627612 0.022674 -0.778196 -50.283886 -0.082774 0.995853 -0.037741 -5.766241 0.774113 0.088101 0.626887 79.230255
0.622666 0.019826 -0.782236 -51.189899 -0.079386 0.996121 -0.037946 -5.830876 0.778450 0.085726 0.621825 79.981300
0.616946 0.016868 -0.786825 -52.093800 -0.076153 0.996358 -0.038351 -5.899030 0.783312 0.083580 0.615984 80.731224
0.609039 0.015954 -0.792980 -53.009430 -0.074476 0.996530 -0.037152 -5.969855 0.789636 0.081685 0.608114 81.473763
0.601135 0.017926 -0.798946 -53.952194 -0.075724 0.996528 -0.034616 -6.033118 0.795552 0.081308 0.600405 82.205017
0.593504 0.018601 -0.804616 -54.894352 -0.077196 0.996439 -0.033906 -6.104544 0.801120 0.082236 0.592827 82.916298
0.584610 0.017986 -0.811115 -55.838844 -0.079158 0.996249 -0.034961 -6.165353 0.807444 0.084645 0.583840 83.615974
0.576473 0.016697 -0.816945 -56.796505 -0.079986 0.996143 -0.036082 -6.235003 0.813192 0.086144 0.575585 84.313889
0.568641 0.016369 -0.822423 -57.761036 -0.081210 0.996035 -0.036326 -6.298643 0.818567 0.087445 0.567716 85.002220
0.560919 0.016559 -0.827705 -58.726669 -0.081081 0.996092 -0.035019 -6.367439 0.823891 0.086754 0.560070 85.692345
0.552132 0.017816 -0.833566 -59.700676 -0.082040 0.996081 -0.033051 -6.439390 0.829711 0.086634 0.551430 86.367134
0.543643 0.017841 -0.839127 -60.688770 -0.083086 0.996007 -0.032652 -6.509587 0.835194 0.087470 0.542955 87.032181
0.535555 0.017640 -0.844316 -61.685200 -0.084760 0.995856 -0.032958 -6.574259 0.840236 0.089215 0.534831 87.681740
0.526203 0.017800 -0.850173 -62.703205 -0.086917 0.995670 -0.032949 -6.637750 0.845905 0.091233 0.525472 88.332413
0.516787 0.017446 -0.855936 -63.742535 -0.088504 0.995524 -0.033145 -6.699069 0.851527 0.092883 0.516018 88.965813
0.507665 0.017908 -0.861368 -64.798820 -0.090622 0.995348 -0.032717 -6.764040 0.856775 0.094669 0.506926 89.596077
0.499317 0.019745 -0.866195 -65.864326 -0.092293 0.995264 -0.030515 -6.827773 0.861490 0.095181 0.498774 90.224693
0.491185 0.021528 -0.870789 -66.935211 -0.092825 0.995296 -0.027754 -6.887641 0.866095 0.094464 0.490873 90.852715
0.483216 0.021351 -0.875241 -68.016502 -0.092798 0.995320 -0.026953 -6.946802 0.870569 0.094245 0.482936 91.462250
0.475887 0.018646 -0.879309 -69.099754 -0.091127 0.995440 -0.028210 -7.004454 0.874773 0.093553 0.475416 92.062576
0.469517 0.015823 -0.882782 -70.194366 -0.089507 0.995541 -0.029761 -7.069512 0.878375 0.092988 0.468840 92.665047
0.464655 0.012831 -0.885399 -71.289078 -0.087893 0.995625 -0.031698 -7.130923 0.881119 0.092549 0.463750 93.247017
0.460492 0.009722 -0.887611 -72.367035 -0.086567 0.995665 -0.034006 -7.194694 0.883433 0.092497 0.459337 93.819931
0.456891 0.008542 -0.889482 -73.468964 -0.084813 0.995817 -0.034002 -7.259210 0.885470 0.090975 0.455704 94.387367
0.453888 0.009813 -0.891005 -74.586113 -0.082717 0.996086 -0.031167 -7.326161 0.887211 0.087848 0.452923 94.958466
0.451583 0.010882 -0.892163 -75.690384 -0.079212 0.996466 -0.027941 -7.392434 0.888706 0.083288 0.450849 95.523544
0.449358 0.010980 -0.893284 -76.789650 -0.076503 0.996724 -0.026232 -7.454314 0.890070 0.080127 0.448726 96.068596
0.446929 0.010660 -0.894506 -77.882515 -0.074780 0.996874 -0.025483 -7.510419 0.891439 0.078280 0.446329 96.595932
0.445767 0.011730 -0.895072 -78.983879 -0.073576 0.997011 -0.023577 -7.566546 0.892120 0.076366 0.445297 97.129189
0.443613 0.011481 -0.896145 -80.069572 -0.070654 0.997254 -0.022199 -7.619217 0.893429 0.073164 0.443206 97.662193
0.442299 0.010370 -0.896808 -81.154228 -0.068494 0.997403 -0.022248 -7.674486 0.894249 0.071267 0.441860 98.186348
0.441168 0.009796 -0.897371 -82.227577 -0.066883 0.997518 -0.021992 -7.725842 0.894929 0.069721 0.440728 98.707008
0.440042 0.010354 -0.897918 -83.308792 -0.064894 0.997686 -0.020297 -7.772921 0.895629 0.067201 0.439695 99.222984
0.439155 0.010993 -0.898344 -84.382309 -0.063610 0.997796 -0.018885 -7.823725 0.896156 0.065437 0.438887 99.739319
0.437931 0.010280 -0.898950 -85.440483 -0.062308 0.997877 -0.018943 -7.877121 0.896847 0.064308 0.437642 100.255638
0.436809 0.009192 -0.899507 -86.487617 -0.061662 0.997902 -0.019746 -7.924931 0.897439 0.064090 0.436459 100.760628
0.436967 0.008055 -0.899442 -87.523468 -0.061623 0.997879 -0.021000 -7.980422 0.897364 0.064602 0.436536 101.250748
0.437924 0.007400 -0.898982 -88.554657 -0.062746 0.997779 -0.022353 -8.031157 0.896820 0.066197 0.437416 101.726410
0.439238 0.007274 -0.898341 -89.574539 -0.064103 0.997672 -0.023265 -8.086857 0.896081 0.067805 0.438682 102.198845
0.443276 0.006659 -0.896361 -90.584412 -0.065164 0.997566 -0.024814 -8.135705 0.894014 0.069410 0.442631 102.668152
0.447945 0.006423 -0.894038 -91.589554 -0.067301 0.997379 -0.026555 -8.186643 0.891525 0.072064 0.447203 103.146896
0.453059 0.006253 -0.891459 -92.579689 -0.068093 0.997297 -0.027611 -8.239019 0.888876 0.073211 0.452260 103.624710
0.458459 0.007084 -0.888687 -93.562759 -0.069042 0.997230 -0.027669 -8.293513 0.886030 0.074041 0.457678 104.113220
0.465753 0.007934 -0.884879 -94.539925 -0.069868 0.997168 -0.027835 -8.347629 0.882152 0.074789 0.464988 104.598747
0.473888 0.008111 -0.880548 -95.492546 -0.070184 0.997124 -0.028587 -8.400522 0.877784 0.075347 0.473094 105.089020
0.481912 0.008348 -0.876180 -96.449028 -0.071509 0.996994 -0.029832 -8.450223 0.873297 0.077032 0.481060 105.586411
0.491350 0.007774 -0.870928 -97.397400 -0.072637 0.996842 -0.032081 -8.503158 0.867928 0.079025 0.490363 106.091240
0.501080 0.007202 -0.865371 -98.331429 -0.075429 0.996523 -0.035382 -8.557227 0.862108 0.083004 0.499881 106.600555
0.511860 0.006874 -0.859041 -99.264679 -0.077122 0.996298 -0.037981 -8.614047 0.855600 0.085692 0.510495 107.121063
0.523982 0.008537 -0.851686 -100.189461 -0.079556 0.996069 -0.038961 -8.674095 0.848006 0.088172 0.522601 107.649864
0.536437 0.011770 -0.843858 -101.116333 -0.082135 0.995884 -0.038322 -8.739171 0.839934 0.089868 0.535196 108.201309
0.548140 0.013714 -0.836274 -102.019508 -0.082832 0.995840 -0.037962 -8.799246 0.832275 0.090079 0.546996 108.769897
0.559226 0.013723 -0.828902 -102.904335 -0.082550 0.995815 -0.039207 -8.860335 0.824895 0.090351 0.558019 109.347298
0.569779 0.013348 -0.821690 -103.777740 -0.082778 0.995715 -0.041225 -8.922372 0.817618 0.091507 0.568442 109.926682
0.580233 0.013292 -0.814342 -104.637856 -0.083596 0.995558 -0.043314 -8.988579 0.810149 0.093208 0.578767 110.511414
0.590573 0.011709 -0.806899 -105.467392 -0.081732 0.995621 -0.045373 -9.053771 0.802834 0.092746 0.588944 111.104469
0.601050 0.011648 -0.799127 -106.303062 -0.080908 0.995644 -0.046341 -9.126548 0.795106 0.092509 0.599374 111.700264
0.610877 0.014222 -0.791598 -107.121971 -0.082074 0.995589 -0.045450 -9.195346 0.787460 0.092734 0.609350 112.297829
0.620024 0.016145 -0.784416 -107.930489 -0.081249 0.995734 -0.043727 -9.261534 0.780364 0.090845 0.618691 112.908760
0.629094 0.017010 -0.777143 -108.725014 -0.081525 0.995691 -0.044201 -9.329218 0.773042 0.091163 0.627770 113.519669
0.637905 0.017448 -0.769917 -109.504799 -0.082562 0.995531 -0.045844 -9.396566 0.765677 0.092810 0.636495 114.129333
0.645969 0.017429 -0.763165 -110.271423 -0.083032 0.995412 -0.047548 -9.466326 0.758834 0.094081 0.644453 114.749382
0.654742 0.017781 -0.755644 -111.030388 -0.082416 0.995442 -0.047986 -9.532283 0.751346 0.093695 0.653223 115.368843
0.662967 0.019685 -0.748390 -111.770256 -0.082365 0.995504 -0.046780 -9.599408 0.744104 0.092655 0.661608 115.993599
0.671204 0.021287 -0.740967 -112.494217 -0.082290 0.995549 -0.045941 -9.661201 0.736691 0.091809 0.669968 116.632393
0.678553 0.022053 -0.734221 -113.201485 -0.082033 0.995572 -0.045911 -9.729596 0.729957 0.091384 0.677357 117.272560
0.685798 0.022390 -0.727448 -113.899567 -0.082458 0.995481 -0.047097 -9.793301 0.723106 0.092283 0.684545 117.907204
0.692786 0.023904 -0.720747 -114.592461 -0.083296 0.995413 -0.047051 -9.858044 0.716316 0.092632 0.691600 118.540108
0.699136 0.026179 -0.714510 -115.280022 -0.083530 0.995477 -0.045260 -9.918727 0.710093 0.091326 0.698160 119.179825
0.705837 0.028908 -0.707784 -115.966599 -0.084223 0.995504 -0.043331 -9.981919 0.703349 0.090196 0.705099 119.819618
0.712522 0.030482 -0.700987 -116.627518 -0.085157 0.995427 -0.043273 -10.037862 0.696463 0.090526 0.711860 120.457947
0.719288 0.031199 -0.694011 -117.259758 -0.085217 0.995409 -0.043572 -10.098629 0.689466 0.090482 0.718644 121.087761
0.726768 0.033886 -0.686047 -117.890503 -0.087462 0.995218 -0.043496 -10.153882 0.681292 0.091615 0.726256 121.709480
0.735128 0.036629 -0.676938 -118.503105 -0.087798 0.995274 -0.041491 -10.212115 0.672219 0.089935 0.734869 122.348320
0.743480 0.040226 -0.667548 -119.106110 -0.089371 0.995212 -0.039567 -10.267423 0.662760 0.089077 0.743515 122.989738
0.752927 0.042200 -0.656750 -119.686501 -0.090469 0.995105 -0.039776 -10.323698 0.651856 0.089364 0.753059 123.634834
0.762561 0.042576 -0.645513 -120.249512 -0.091252 0.994934 -0.042175 -10.374960 0.640448 0.091065 0.762584 124.269997
0.771775 0.041847 -0.634517 -120.805565 -0.090721 0.994871 -0.044733 -10.429368 0.629390 0.092088 0.771614 124.913361
0.781124 0.042344 -0.622939 -121.341614 -0.090501 0.994840 -0.045858 -10.481937 0.617783 0.092197 0.780925 125.551353
0.790582 0.043944 -0.610777 -121.867607 -0.090476 0.994857 -0.045532 -10.536315 0.605635 0.091258 0.790492 126.204498
0.799850 0.045869 -0.598445 -122.383652 -0.090064 0.994958 -0.044115 -10.591084 0.593404 0.089184 0.799949 126.869583
0.808802 0.046982 -0.586202 -122.897385 -0.089318 0.995053 -0.043485 -10.642474 0.581259 0.087529 0.808997 127.540291
0.817377 0.048310 -0.574074 -123.396805 -0.088488 0.995181 -0.042243 -10.695375 0.569266 0.085327 0.817713 128.224045
0.824980 0.049001 -0.563034 -123.888733 -0.087466 0.995301 -0.041538 -10.747424 0.558353 0.083514 0.825389 128.920288
0.831679 0.048715 -0.553115 -124.357094 -0.085912 0.995438 -0.041507 -10.798279 0.548570 0.082040 0.832070 129.623230
0.838313 0.048770 -0.543004 -124.821472 -0.085196 0.995473 -0.042122 -10.855429 0.538492 0.081573 0.838673 130.328674
0.844637 0.049819 -0.533016 -125.274994 -0.085716 0.995400 -0.042793 -10.905629 0.528433 0.081832 0.845022 131.023254
0.850782 0.051287 -0.523011 -125.735321 -0.086583 0.995306 -0.043245 -10.958128 0.518337 0.082076 0.851228 131.708679
0.856760 0.052335 -0.513053 -126.192741 -0.087016 0.995244 -0.043787 -11.003272 0.508321 0.082159 0.857239 132.390244
0.862692 0.051730 -0.503076 -126.634995 -0.085845 0.995298 -0.044865 -11.053904 0.498390 0.081891 0.863077 133.112564
0.868050 0.050569 -0.493895 -127.075264 -0.084453 0.995341 -0.046520 -11.105009 0.489241 0.082092 0.868276 133.851593
0.872243 0.049989 -0.486512 -127.507019 -0.083544 0.995371 -0.047509 -11.163052 0.481885 0.082085 0.872381 134.603058
0.875616 0.050696 -0.480341 -127.939728 -0.083642 0.995367 -0.047419 -11.219577 0.475712 0.081698 0.875799 135.351044
0.878683 0.052579 -0.474501 -128.373016 -0.083666 0.995494 -0.044623 -11.277312 0.470017 0.078909 0.879123 136.119110
0.881395 0.056239 -0.469020 -128.814957 -0.085348 0.995506 -0.041019 -11.333308 0.464606 0.076184 0.882234 136.889587
0.884373 0.059231 -0.463008 -129.259399 -0.086885 0.995470 -0.038607 -11.379862 0.458624 0.074372 0.885513 137.666489
0.887326 0.061533 -0.457019 -129.706100 -0.088064 0.995429 -0.036956 -11.429324 0.452656 0.073038 0.888689 138.460892
0.890166 0.063459 -0.451195 -130.140884 -0.088850 0.995420 -0.035290 -11.468529 0.446889 0.071503 0.891728 139.261139
0.893638 0.064716 -0.444097 -130.577484 -0.088595 0.995514 -0.033204 -11.512558 0.439956 0.069017 0.895363 140.093689
0.897013 0.064805 -0.437228 -131.009644 -0.087552 0.995644 -0.032048 -11.554682 0.433247 0.067027 0.898779 140.952301
0.900625 0.064508 -0.429783 -131.434967 -0.086485 0.995746 -0.031777 -11.603226 0.425905 0.065789 0.902373 141.819168
0.904334 0.063954 -0.422007 -131.852966 -0.085515 0.995812 -0.032340 -11.640754 0.418172 0.065334 0.906015 142.688049
0.908580 0.061784 -0.413116 -132.266129 -0.082919 0.995996 -0.033410 -11.693335 0.409398 0.064611 0.910065 143.584824
0.912761 0.060297 -0.404020 -132.674088 -0.081342 0.996068 -0.035112 -11.738466 0.400314 0.064913 0.914076 144.471573
0.917595 0.059299 -0.393068 -133.079498 -0.080492 0.996044 -0.037638 -11.794530 0.389282 0.066175 0.918739 145.386688
0.922874 0.060955 -0.380247 -133.487793 -0.081968 0.995860 -0.039298 -11.847479 0.376278 0.067435 0.924050 146.294556
0.928702 0.064125 -0.365240 -133.904343 -0.084225 0.995669 -0.039353 -11.902058 0.361135 0.067309 0.930081 147.215515
0.934959 0.067977 -0.348182 -134.303680 -0.086536 0.995523 -0.038011 -11.946832 0.344040 0.065669 0.936656 148.155197
0.941310 0.070791 -0.330036 -134.698074 -0.088052 0.995405 -0.037626 -12.000927 0.325856 0.064478 0.943218 149.117584
0.947607 0.072288 -0.311153 -135.055084 -0.088423 0.995356 -0.038045 -12.056933 0.306958 0.063565 0.949598 150.100204
0.954013 0.073665 -0.290572 -135.396622 -0.088513 0.995340 -0.038272 -12.102014 0.286398 0.062231 0.956088 151.100677
0.960139 0.074616 -0.269380 -135.728012 -0.087732 0.995458 -0.036966 -12.161686 0.265398 0.059126 0.962324 152.133972
0.965669 0.076762 -0.248174 -136.040741 -0.088153 0.995488 -0.035100 -12.214582 0.244360 0.055772 0.968079 153.201126
0.970863 0.078646 -0.226360 -136.334839 -0.088195 0.995577 -0.032367 -12.273300 0.222814 0.051387 0.973506 154.275925
0.975463 0.080735 -0.204828 -136.609863 -0.088763 0.995592 -0.030298 -12.321487 0.201479 0.047736 0.978329 155.367386
0.979600 0.081892 -0.183516 -136.854599 -0.089069 0.995537 -0.031198 -12.377288 0.180142 0.046907 0.982522 156.466156
0.983352 0.081811 -0.162254 -137.070602 -0.088483 0.995486 -0.034318 -12.429402 0.158714 0.048104 0.986152 157.592773
0.986505 0.081847 -0.141806 -137.267944 -0.087849 0.995462 -0.036582 -12.482628 0.138168 0.048546 0.989218 158.737305
0.989217 0.080765 -0.122173 -137.448746 -0.085772 0.995654 -0.036288 -12.542445 0.118711 0.046376 0.991845 159.910599
0.991426 0.081368 -0.102240 -137.608170 -0.085357 0.995727 -0.035252 -12.607249 0.098934 0.043677 0.994135 161.100616
0.993239 0.081454 -0.082709 -137.750824 -0.084618 0.995782 -0.035481 -12.668245 0.079470 0.042239 0.995942 162.297821
0.994586 0.082518 -0.063169 -137.873810 -0.084901 0.995738 -0.036015 -12.728379 0.059928 0.041183 0.997353 163.501587
0.995620 0.082849 -0.043321 -137.973724 -0.084454 0.995754 -0.036624 -12.788273 0.040103 0.040122 0.998390 164.723099
0.996166 0.084226 -0.023647 -138.055389 -0.085083 0.995651 -0.037946 -12.853836 0.020348 0.039813 0.999000 165.940567
0.996345 0.085315 -0.004196 -138.112137 -0.085415 0.995540 -0.040054 -12.913552 0.000760 0.040266 0.999189 167.180496
0.996257 0.085148 0.014919 -138.140930 -0.084442 0.995506 -0.042862 -12.985415 -0.018501 0.041441 0.998970 168.435623
0.995728 0.086251 0.032972 -138.144501 -0.084695 0.995345 -0.046001 -13.060075 -0.036786 0.043012 0.998397 169.689560
0.994934 0.086841 0.050654 -138.126556 -0.084399 0.995250 -0.048522 -13.131943 -0.054627 0.044001 0.997537 170.955612
0.993906 0.086379 0.068476 -138.092163 -0.082927 0.995211 -0.051753 -13.218442 -0.072619 0.045759 0.996310 172.247543
0.992477 0.086676 0.086466 -138.031723 -0.081896 0.994988 -0.057380 -13.299191 -0.091006 0.049867 0.994601 173.530670
0.990738 0.087385 0.103934 -137.935959 -0.080973 0.994634 -0.064388 -13.397909 -0.109003 0.055376 0.992498 174.815536
0.988692 0.089535 0.120301 -137.832474 -0.081487 0.994196 -0.070243 -13.493930 -0.125892 0.059645 0.990249 176.120117
0.986458 0.090945 0.136489 -137.701263 -0.081303 0.993891 -0.074642 -13.608992 -0.142444 0.062535 0.987826 177.430618
0.983784 0.093184 0.153248 -137.553162 -0.081943 0.993571 -0.078113 -13.727394 -0.159542 0.064289 0.985096 178.752960
0.981022 0.093223 0.170018 -137.365448 -0.080740 0.993605 -0.078925 -13.847707 -0.176288 0.063700 0.982275 180.087997
0.978030 0.091796 0.187166 -137.154312 -0.077975 0.993746 -0.079929 -13.972580 -0.193332 0.063579 0.979071 181.441284
0.974909 0.090509 0.203372 -136.915314 -0.074601 0.993620 -0.084584 -14.110639 -0.209731 0.067290 0.975441 182.785507
0.971397 0.091328 0.219197 -136.665878 -0.073239 0.993309 -0.089292 -14.251631 -0.225885 0.070684 0.971586 184.136078
0.967335 0.093610 0.235586 -136.394897 -0.074124 0.993155 -0.090272 -14.393544 -0.242424 0.069861 0.967652 185.496017
0.962897 0.094870 0.252645 -136.100525 -0.073997 0.993107 -0.090898 -14.540436 -0.259527 0.068831 0.963280 186.855667
0.957951 0.097922 0.269705 -135.775177 -0.074950 0.992726 -0.094218 -14.684559 -0.276969 0.070042 0.958323 188.212128
0.953008 0.099080 0.286286 -135.435837 -0.073719 0.992445 -0.098072 -14.836493 -0.293840 0.072359 0.953112 189.570770
0.947788 0.099300 0.303047 -135.056671 -0.071663 0.992300 -0.101021 -14.987615 -0.310745 0.074030 0.947606 190.932007
0.942272 0.099044 0.319864 -134.664566 -0.068302 0.992021 -0.105967 -15.156583 -0.327807 0.078003 0.941519 192.286316
0.935962 0.101106 0.337272 -134.245590 -0.066882 0.991497 -0.111623 -15.332644 -0.345690 0.081917 0.934766 193.625107
0.928268 0.104206 0.357015 -133.808533 -0.066824 0.991055 -0.115522 -15.513990 -0.365859 0.083378 0.926928 194.978119
0.919008 0.107088 0.379416 -133.343140 -0.066953 0.990816 -0.117479 -15.698449 -0.388512 0.082561 0.917737 196.342896
0.908266 0.110262 0.403603 -132.853439 -0.067045 0.990540 -0.119731 -15.890771 -0.412987 0.081688 0.907066 197.688354
0.896573 0.114237 0.427910 -132.298416 -0.067399 0.990102 -0.123105 -16.084023 -0.437738 0.081531 0.895398 199.034973
0.884169 0.117194 0.452229 -131.700180 -0.066532 0.989744 -0.126410 -16.290451 -0.462406 0.081680 0.882898 200.375824
0.871264 0.118783 0.476224 -131.061630 -0.064371 0.989546 -0.129051 -16.493315 -0.486575 0.081783 0.869803 201.695038
0.857997 0.119462 0.499570 -130.392914 -0.061346 0.989450 -0.131247 -16.704151 -0.509979 0.081963 0.856273 202.997513
0.844212 0.120411 0.522310 -129.697418 -0.057218 0.989118 -0.135546 -16.918736 -0.532947 0.084544 0.841914 204.273163
0.830289 0.122196 0.543772 -128.964661 -0.053706 0.988670 -0.140169 -17.145960 -0.554739 0.087177 0.827445 205.536911
0.816699 0.123582 0.563676 -128.188141 -0.050534 0.988363 -0.143474 -17.376719 -0.574847 0.088690 0.813440 206.778885
0.802603 0.124734 0.583327 -127.381546 -0.047339 0.988128 -0.146159 -17.611946 -0.594632 0.089693 0.798979 207.995605
0.789039 0.125172 0.601457 -126.547707 -0.044156 0.988046 -0.147700 -17.848572 -0.612755 0.089983 0.785134 209.204697
0.775763 0.125042 0.618511 -125.657425 -0.040441 0.988007 -0.149019 -18.095701 -0.629727 0.090590 0.771516 210.412643
0.762989 0.125186 0.634173 -124.736092 -0.036487 0.987845 -0.151102 -18.344925 -0.645381 0.092150 0.758282 211.588089
0.749941 0.125705 0.649451 -123.792801 -0.032012 0.987525 -0.154176 -18.597544 -0.660730 0.094833 0.744609 212.753845
0.737265 0.127186 0.663524 -122.823296 -0.028389 0.987085 -0.157663 -18.862009 -0.675007 0.097403 0.731354 213.900391
0.724425 0.129230 0.677132 -121.829216 -0.026249 0.986730 -0.160234 -19.122103 -0.688854 0.098303 0.718204 215.007614
0.711011 0.129873 0.691084 -120.821182 -0.024193 0.986732 -0.160542 -19.397861 -0.702765 0.097428 0.704719 216.124420
0.696451 0.130916 0.705562 -119.784538 -0.023327 0.986829 -0.160079 -19.671736 -0.717226 0.095029 0.690331 217.224976
0.681297 0.131770 0.720050 -118.729729 -0.023676 0.987117 -0.158241 -19.947348 -0.731624 0.090761 0.675639 218.299484
0.665218 0.132809 0.734743 -117.654022 -0.024480 0.987404 -0.156316 -20.220001 -0.746248 0.085998 0.660090 219.352585
0.649360 0.134184 0.748550 -116.563255 -0.024850 0.987529 -0.155466 -20.490725 -0.760075 0.082352 0.644596 220.368988
0.633793 0.136386 0.761384 -115.480888 -0.023698 0.987294 -0.157126 -20.752981 -0.773140 0.081542 0.628972 221.351349
0.617670 0.139534 0.773960 -114.383804 -0.024425 0.987063 -0.158461 -21.019491 -0.786058 0.078973 0.613087 222.295059
0.600779 0.139961 0.787068 -113.287834 -0.024007 0.987269 -0.157237 -21.282309 -0.799055 0.075569 0.596491 223.198074
0.582757 0.139017 0.800667 -112.165131 -0.022938 0.987681 -0.154792 -21.545870 -0.812322 0.071841 0.578767 224.080063
0.564179 0.136980 0.814211 -111.027275 -0.020874 0.988193 -0.151786 -21.803301 -0.825389 0.068639 0.560377 224.930756
0.545340 0.135320 0.827220 -109.883835 -0.019164 0.988638 -0.149091 -22.054695 -0.837996 0.065452 0.541737 225.741806
0.526465 0.134017 0.839567 -108.732651 -0.016411 0.988916 -0.147567 -22.295557 -0.850038 0.063911 0.522829 226.510864
0.507264 0.133386 0.851405 -107.563713 -0.014146 0.989105 -0.146530 -22.538246 -0.861674 0.062285 0.503625 227.251831
0.487851 0.132274 0.862847 -106.391785 -0.009775 0.989219 -0.146120 -22.771908 -0.872872 0.062851 0.483884 227.951706
0.469040 0.132148 0.873234 -105.230247 -0.006035 0.989199 -0.146456 -23.003466 -0.883156 0.063424 0.464772 228.620911
0.450769 0.130811 0.883004 -104.054169 -0.001317 0.989301 -0.145885 -23.235847 -0.892639 0.064598 0.446119 229.253265
0.431649 0.128820 0.892796 -102.873329 0.001651 0.989636 -0.143592 -23.465460 -0.902040 0.063455 0.426962 229.861618
0.412760 0.127888 0.901817 -101.688232 0.005731 0.989710 -0.142975 -23.686949 -0.910822 0.064183 0.407780 230.440216
0.394435 0.131777 0.909426 -100.518234 0.008360 0.989109 -0.146948 -23.907162 -0.918886 0.065564 0.389038 230.989227
0.376047 0.139276 0.916073 -99.354080 0.010177 0.987959 -0.154383 -24.129271 -0.926545 0.067379 0.370102 231.503937
0.358834 0.146579 0.921820 -98.198509 0.008546 0.987035 -0.160275 -24.357435 -0.933362 0.065390 0.352929 231.989838
0.340832 0.150134 0.928059 -97.042435 0.007061 0.986730 -0.162218 -24.587107 -0.940098 0.061842 0.335249 232.452713
0.323246 0.151376 0.934129 -95.898911 0.005407 0.986811 -0.161784 -24.812935 -0.946299 0.057347 0.318165 232.894913
0.305160 0.151979 0.940096 -94.748138 0.004059 0.986967 -0.160874 -25.042091 -0.952292 0.052908 0.300566 233.308685
0.287168 0.152454 0.945670 -93.605049 0.002436 0.987134 -0.159878 -25.266443 -0.957877 0.048215 0.283102 233.697220
0.270806 0.151765 0.950595 -92.455269 0.002999 0.987356 -0.158488 -25.488979 -0.962629 0.045770 0.266927 234.064056
0.253826 0.151767 0.955269 -91.315155 0.003464 0.987465 -0.157803 -25.702711 -0.967244 0.043363 0.250119 234.408417
0.237466 0.151761 0.959468 -90.170517 0.006546 0.987448 -0.157807 -25.914934 -0.971374 0.043755 0.233492 234.709290
0.220460 0.154386 0.963100 -89.032959 0.005382 0.987187 -0.159479 -26.124336 -0.975381 0.040342 0.216804 235.014923
0.202527 0.155726 0.966816 -87.891006 0.005236 0.987089 -0.160088 -26.345842 -0.979263 0.037485 0.199097 235.288834
0.187447 0.153090 0.970272 -86.745079 0.005917 0.987586 -0.156965 -26.557064 -0.982257 0.035163 0.184214 235.549255
0.173692 0.148898 0.973479 -85.598511 0.009470 0.988206 -0.152840 -26.771074 -0.984754 0.035766 0.170234 235.773041
0.161072 0.144835 0.976257 -84.465538 0.011668 0.988825 -0.148625 -26.971680 -0.986874 0.035330 0.157582 235.979523
0.149905 0.142206 0.978420 -83.337273 0.014135 0.989193 -0.145937 -27.168550 -0.988599 0.035707 0.146275 236.164124
0.140029 0.141463 0.979990 -82.225609 0.016307 0.989278 -0.145134 -27.361668 -0.990013 0.036304 0.136221 236.333267
0.131996 0.142984 0.980884 -81.122574 0.017663 0.989045 -0.146551 -27.553074 -0.991093 0.036670 0.128024 236.486511
0.125255 0.144532 0.981541 -80.035027 0.017029 0.988873 -0.147784 -27.740177 -0.991978 0.035226 0.121400 236.643570
0.119463 0.147999 0.981746 -78.969360 0.017624 0.988355 -0.151140 -27.921881 -0.992682 0.035358 0.115463 236.785934
0.113701 0.155008 0.981348 -77.919716 0.017448 0.987290 -0.157968 -28.125389 -0.993362 0.035084 0.109551 236.920776
0.108954 0.157554 0.981481 -76.868980 0.014771 0.986994 -0.160079 -28.322166 -0.993937 0.031938 0.105210 237.049545
0.104615 0.150982 0.982985 -75.798668 0.012126 0.988142 -0.153065 -28.521370 -0.994439 0.027933 0.101543 237.170761
0.102391 0.141531 0.984624 -74.736320 0.013084 0.989549 -0.143599 -28.710098 -0.994658 0.027587 0.099469 237.281006
0.101147 0.137776 0.985285 -73.684036 0.013278 0.990089 -0.139811 -28.891518 -0.994783 0.027225 0.098315 237.382721
0.101224 0.139096 0.985092 -72.662476 0.013137 0.989905 -0.141125 -29.062481 -0.994777 0.027226 0.098375 237.490524
0.102425 0.142172 0.984528 -71.652611 0.012647 0.989468 -0.144201 -29.230982 -0.994660 0.027221 0.099548 237.592896
0.104204 0.144212 0.984045 -70.641472 0.010750 0.989210 -0.146107 -29.407881 -0.994498 0.025803 0.101529 237.701294
0.106604 0.145331 0.983623 -69.637878 0.008186 0.989099 -0.147027 -29.585232 -0.994268 0.023726 0.104252 237.816040
0.110373 0.146440 0.983043 -68.641487 0.006201 0.988965 -0.148019 -29.758135 -0.993871 0.022433 0.108247 237.923660
0.114469 0.147737 0.982380 -67.659874 0.004573 0.988791 -0.149234 -29.923826 -0.993416 0.021575 0.112510 238.039917
0.119548 0.148833 0.981609 -66.679016 0.002505 0.988652 -0.150206 -30.086159 -0.992825 0.020416 0.117819 238.159775
0.126358 0.148788 0.980763 -65.691147 0.001079 0.988666 -0.150126 -30.252491 -0.991984 0.020027 0.124765 238.290329
0.134241 0.147573 0.979899 -64.704071 0.001200 0.988824 -0.149082 -30.422331 -0.990948 0.021189 0.132564 238.419022
0.142820 0.146457 0.978853 -63.721951 0.002803 0.988927 -0.148373 -30.595638 -0.989745 0.023934 0.140828 238.536652
0.149738 0.146950 0.977744 -62.757481 0.002411 0.988836 -0.148986 -30.767481 -0.988723 0.024666 0.147712 238.683395
0.156637 0.146866 0.976676 -61.778015 0.001839 0.988837 -0.148990 -30.944691 -0.987655 0.025133 0.154619 238.839020
0.162718 0.146484 0.975738 -60.823463 0.000058 0.988917 -0.148472 -31.110638 -0.986673 0.024216 0.160906 238.997238
0.169196 0.144982 0.974860 -59.862183 -0.000668 0.989138 -0.146989 -31.273724 -0.985582 0.024218 0.167455 239.156311
0.175671 0.143592 0.973920 -58.918766 -0.001927 0.989353 -0.145520 -31.443722 -0.984447 0.023687 0.174077 239.320755
0.182090 0.144043 0.972674 -57.985950 -0.004682 0.989328 -0.145633 -31.616827 -0.983271 0.021964 0.180821 239.490219
0.188274 0.146031 0.971199 -57.048595 -0.005577 0.989027 -0.147630 -31.786734 -0.982101 0.022379 0.187022 239.671188
0.194915 0.147479 0.969669 -56.105431 -0.006922 0.988813 -0.148999 -31.952599 -0.980796 0.022330 0.193755 239.852203
0.201612 0.149090 0.968052 -55.161186 -0.008784 0.988583 -0.150422 -32.125286 -0.979426 0.021823 0.200620 240.052536
0.208067 0.150135 0.966523 -54.225601 -0.011142 0.988449 -0.151142 -32.285912 -0.978051 0.020679 0.207337 240.258072
0.215261 0.150490 0.964892 -53.296295 -0.013322 0.988415 -0.151187 -32.452820 -0.976466 0.019691 0.214772 240.468811
0.222541 0.148794 0.963502 -52.368778 -0.015179 0.988694 -0.149179 -32.616207 -0.974805 0.018573 0.222284 240.682388
0.229527 0.147299 0.962092 -51.435692 -0.016032 0.988920 -0.147582 -32.783012 -0.973170 0.018450 0.229346 240.908356
0.235394 0.146755 0.960756 -50.501984 -0.015925 0.988984 -0.147165 -32.947216 -0.971770 0.019341 0.235138 241.137741
