1.000000 0.000000 0.000000 0.000000 0.000000 1.000000 0.000000 0.000000 0.000000 0.000000 1.000000 0.000000
0.999932 -0.002735 0.011328 0.023033 0.002723 0.999996 0.001091 -0.003823 -0.011331 -0.001060 0.999935 0.303736
0.999826 -0.004741 0.018066 0.031001 0.004721 0.999988 0.001190 -0.006486 -0.018071 -0.001104 0.999836 0.599614
0.999775 -0.007789 0.019753 0.047316 0.007797 0.999970 -0.000337 -0.008089 -0.019750 0.000491 0.999805 0.902134
0.999809 -0.008407 0.017631 0.051187 0.008426 0.999964 -0.000979 -0.015913 -0.017622 0.001127 0.999844 1.214155
0.999887 -0.010697 0.010609 0.057045 0.010721 0.999940 -0.002190 -0.018778 -0.010585 0.002304 0.999941 1.532923
0.999923 -0.012217 -0.002292 0.059718 0.012208 0.999918 -0.003943 -0.023386 0.002340 0.003915 0.999990 1.854791
0.999750 -0.011388 -0.019253 0.049233 0.011308 0.999927 -0.004264 -0.025148 0.019300 0.004045 0.999806 2.190536
0.999205 -0.007041 -0.039238 0.026422 0.006881 0.999967 -0.004222 -0.028926 0.039267 0.003948 0.999221 2.544444
0.998159 -0.003485 -0.060557 0.014932 0.003171 0.999981 -0.005286 -0.033485 0.060574 0.005085 0.998151 2.910506
0.996632 -0.003257 -0.081939 -0.005588 0.002759 0.999977 -0.006197 -0.028108 0.081958 0.005950 0.996618 3.284633
0.994689 -0.004655 -0.102822 -0.058439 0.004140 0.999978 -0.005223 -0.036022 0.102844 0.004770 0.994686 3.666933
0.992502 -0.005719 -0.122096 -0.120500 0.005241 0.999977 -0.004231 -0.043410 0.122117 0.003560 0.992509 4.041910
0.990225 -0.004563 -0.139406 -0.196312 0.004076 0.999985 -0.003782 -0.044025 0.139421 0.003176 0.990228 4.437179
0.987856 -0.003188 -0.155341 -0.263935 0.002760 0.999992 -0.002973 -0.051909 0.155350 0.002508 0.987856 4.844868
0.985783 -0.002459 -0.168004 -0.361298 0.001923 0.999993 -0.003350 -0.052888 0.168011 0.002980 0.985781 5.262181
0.983764 -0.003707 -0.179431 -0.451503 0.003092 0.999988 -0.003710 -0.065447 0.179443 0.003095 0.983764 5.685264
0.982127 -0.006909 -0.188092 -0.554538 0.006039 0.999968 -0.005197 -0.081342 0.188122 0.003968 0.982138 6.126573
0.980582 -0.006161 -0.196013 -0.644733 0.004732 0.999959 -0.007759 -0.078580 0.196053 0.006681 0.980570 6.597802
0.979039 -0.005859 -0.203588 -0.732248 0.004100 0.999951 -0.009062 -0.087600 0.203631 0.008038 0.979015 7.062316
0.977261 -0.006620 -0.211935 -0.821370 0.004142 0.999918 -0.012132 -0.096215 0.211998 0.010979 0.977208 7.535369
0.975502 -0.010266 -0.219750 -0.919379 0.007473 0.999880 -0.013539 -0.111558 0.219862 0.011565 0.975462 8.018235
0.973772 -0.017121 -0.226881 -1.035363 0.014183 0.999793 -0.014573 -0.127842 0.227084 0.010973 0.973813 8.526937
0.971753 -0.017921 -0.235317 -1.157677 0.014430 0.999759 -0.016548 -0.148589 0.235557 0.012685 0.971778 9.047297
0.969853 -0.013226 -0.243333 -1.296615 0.008362 0.999744 -0.021007 -0.157783 0.243548 0.018339 0.969715 9.558246
0.967509 -0.010519 -0.252618 -1.422301 0.004776 0.999716 -0.023336 -0.188476 0.252792 0.021371 0.967285 10.095269
0.965292 -0.013323 -0.260834 -1.546695 0.007150 0.999672 -0.024600 -0.213466 0.261076 0.021881 0.965070 10.608230
0.963106 -0.016268 -0.268629 -1.687314 0.009527 0.999607 -0.026379 -0.237758 0.268953 0.022847 0.962882 11.139306
0.961004 -0.015565 -0.276095 -1.848669 0.007867 0.999549 -0.028965 -0.260052 0.276422 0.025664 0.960694 11.695106
0.958613 -0.014876 -0.284323 -2.029141 0.005974 0.999465 -0.032150 -0.285932 0.284649 0.029121 0.958189 12.295581
0.956244 -0.015702 -0.292147 -2.201680 0.004713 0.999256 -0.038280 -0.299017 0.292531 0.035228 0.955607 12.882091
0.954563 -0.017109 -0.297518 -2.384127 0.003649 0.998947 -0.045740 -0.332873 0.297987 0.042576 0.953620 13.472326
0.953339 -0.018237 -0.301350 -2.568618 0.002398 0.998600 -0.052847 -0.378558 0.301892 0.049659 0.952048 14.034837
0.952030 -0.018358 -0.305454 -2.762263 -0.000782 0.998050 -0.062422 -0.400204 0.306004 0.059666 0.950159 14.667667
0.950681 -0.017531 -0.309675 -2.977359 -0.004794 0.997452 -0.071184 -0.451859 0.310134 0.069157 0.948174 15.322989
0.949353 -0.017136 -0.313745 -3.204676 -0.007821 0.996914 -0.078115 -0.504629 0.314115 0.076613 0.946289 15.977401
0.947728 -0.014681 -0.318741 -3.429989 -0.013123 0.996302 -0.084908 -0.560840 0.318809 0.084653 0.944031 16.633516
0.946095 -0.013903 -0.323590 -3.674232 -0.016237 0.995786 -0.090257 -0.633541 0.323481 0.090646 0.941883 17.316072
0.944300 -0.011957 -0.328869 -3.909307 -0.020933 0.995134 -0.096285 -0.687291 0.328420 0.097806 0.939454 17.994158
0.942441 -0.008331 -0.334269 -4.157707 -0.026437 0.994703 -0.099329 -0.759608 0.333326 0.102448 0.937229 18.679247
0.940573 -0.007302 -0.339513 -4.420113 -0.028764 0.994463 -0.101075 -0.828679 0.338371 0.104834 0.935155 19.399176
0.938289 -0.006960 -0.345782 -4.687427 -0.029458 0.994556 -0.099955 -0.912198 0.344596 0.103973 0.932976 20.115429
0.936037 -0.006087 -0.351848 -4.966355 -0.030469 0.994694 -0.098266 -0.996838 0.350579 0.102702 0.930885 20.834799
0.933235 -0.006456 -0.359208 -5.246361 -0.030310 0.994859 -0.096627 -1.073200 0.357986 0.101064 0.928242 21.584217
0.929959 -0.005299 -0.367625 -5.543971 -0.031243 0.995140 -0.093377 -1.155258 0.366333 0.098323 0.925274 22.336533
0.926537 -0.002747 -0.376193 -5.840732 -0.032735 0.995592 -0.087895 -1.232683 0.374776 0.093752 0.922363 23.071466
0.923127 0.000803 -0.384495 -6.168321 -0.035371 0.995935 -0.082840 -1.307379 0.382865 0.090072 0.919403 23.820541
0.919537 0.003947 -0.392985 -6.503839 -0.037915 0.996176 -0.078711 -1.379473 0.391171 0.087277 0.916170 24.584030
0.915652 0.005400 -0.401936 -6.849027 -0.039735 0.996229 -0.077135 -1.450001 0.400003 0.086600 0.912413 25.343014
0.911618 0.005281 -0.411004 -7.207003 -0.040180 0.996274 -0.076320 -1.522142 0.409069 0.086089 0.908433 26.121801
0.907893 0.005320 -0.419168 -7.591072 -0.040615 0.996332 -0.075323 -1.585701 0.417229 0.085410 0.904779 26.909922
0.904069 0.005791 -0.427348 -7.998464 -0.041139 0.996444 -0.073527 -1.653776 0.425402 0.084054 0.901093 27.711138
0.900324 0.005266 -0.435189 -8.408692 -0.040169 0.996664 -0.071042 -1.728263 0.433363 0.081442 0.897532 28.527781
0.896715 0.005756 -0.442571 -8.857574 -0.039573 0.996953 -0.067216 -1.791276 0.440836 0.077788 0.894211 29.356228
0.893076 0.008950 -0.449816 -9.301746 -0.041086 0.997247 -0.061732 -1.863100 0.448025 0.073612 0.890985 30.199690
0.889999 0.010346 -0.455845 -9.837703 -0.041121 0.997490 -0.057645 -1.931854 0.454104 0.070049 0.888191 31.076321
0.886832 0.007654 -0.462028 -10.375569 -0.037813 0.997712 -0.056052 -1.973847 0.460542 0.067179 0.885092 31.977274
0.883720 0.006574 -0.467970 -10.864372 -0.036966 0.997758 -0.055790 -2.020394 0.466554 0.066602 0.881982 32.844288
0.880606 0.006974 -0.473798 -11.367120 -0.036742 0.997886 -0.053601 -2.083866 0.472423 0.064609 0.879001 33.736740
0.877897 0.006183 -0.478809 -11.900022 -0.035776 0.997969 -0.052708 -2.141315 0.477511 0.063402 0.876336 34.643440
0.875579 0.005300 -0.483046 -12.452792 -0.035270 0.997972 -0.052981 -2.205447 0.481786 0.063426 0.873991 35.567276
0.873394 0.002656 -0.487007 -12.962691 -0.033223 0.997981 -0.054139 -2.239346 0.485880 0.063465 0.871718 36.470715
0.871994 0.003244 -0.489507 -13.489252 -0.034341 0.997920 -0.054562 -2.301146 0.488311 0.064388 0.870291 37.376972
0.871547 0.004252 -0.490293 -13.965014 -0.035022 0.997948 -0.053602 -2.362472 0.489059 0.063887 0.869908 38.242092
0.870938 0.004892 -0.491369 -14.428451 -0.034642 0.998074 -0.051465 -2.439099 0.490170 0.061845 0.869430 39.138470
0.870038 0.003628 -0.492971 -14.880962 -0.032803 0.998183 -0.050548 -2.507591 0.491892 0.060150 0.868576 40.031845
0.869246 0.001431 -0.494378 -15.368776 -0.030869 0.998202 -0.051387 -2.567435 0.493416 0.059928 0.867727 40.944206
0.868162 -0.001408 -0.496279 -15.881969 -0.028043 0.998259 -0.051889 -2.628459 0.495488 0.058965 0.866611 41.864697
0.866520 -0.000946 -0.499141 -16.405880 -0.027650 0.998372 -0.049893 -2.697306 0.498376 0.057035 0.865083 42.790230
0.864408 -0.000162 -0.502792 -16.920597 -0.026579 0.998587 -0.046017 -2.758889 0.502089 0.053141 0.863182 43.711006
0.861388 0.000508 -0.507947 -17.454172 -0.025431 0.998789 -0.042128 -2.822446 0.507310 0.049206 0.860358 44.644161
0.857106 0.000369 -0.515140 -17.994049 -0.024599 0.998888 -0.040213 -2.881470 0.514553 0.047139 0.856162 45.583580
0.851740 -0.003216 -0.523955 -18.545782 -0.022141 0.998867 -0.042123 -2.947181 0.523497 0.047479 0.850703 46.503544
0.845709 -0.006837 -0.533601 -19.126245 -0.020956 0.998721 -0.046009 -2.993195 0.533233 0.050092 0.844484 47.422386
0.839884 -0.007257 -0.542717 -19.721035 -0.020244 0.998796 -0.044685 -3.063171 0.542388 0.048517 0.838726 48.300274
0.833954 -0.003617 -0.551822 -20.326246 -0.021621 0.998997 -0.039223 -3.124387 0.551410 0.044641 0.833039 49.225071
0.828720 0.000828 -0.559663 -20.948666 -0.024729 0.999076 -0.035139 -3.170910 0.559117 0.042961 0.827975 50.130917
0.824733 0.000616 -0.565522 -21.555542 -0.025881 0.998993 -0.036654 -3.224285 0.564930 0.044866 0.823918 51.016205
0.821271 -0.002024 -0.570534 -22.169601 -0.025717 0.998846 -0.040563 -3.279759 0.569958 0.047986 0.820271 51.914169
0.818200 -0.004396 -0.574918 -22.800385 -0.028376 0.998443 -0.048019 -3.328860 0.574234 0.055603 0.816801 52.796814
0.814716 -0.005758 -0.579832 -23.439402 -0.028249 0.998369 -0.049606 -3.389514 0.579172 0.056795 0.813225 53.708992
0.811403 -0.003939 -0.584474 -24.076511 -0.028263 0.998543 -0.045967 -3.445179 0.583804 0.053817 0.810109 54.582130
0.808922 -0.000777 -0.587915 -24.726896 -0.028871 0.998740 -0.041045 -3.499016 0.587206 0.050177 0.807881 55.410133
0.806246 0.001143 -0.591579 -25.388475 -0.029768 0.998810 -0.038640 -3.544548 0.590830 0.048763 0.805321 56.290260
0.803078 0.001229 -0.595872 -26.040709 -0.030414 0.998779 -0.038930 -3.596766 0.595097 0.049386 0.802135 57.171669
0.799624 -0.000008 -0.600501 -26.699736 -0.030307 0.998725 -0.040370 -3.658310 0.599735 0.050481 0.798604 58.047405
0.796111 -0.002289 -0.605146 -27.437775 -0.030316 0.998586 -0.043659 -3.702858 0.604390 0.053103 0.794917 58.945412
0.792011 -0.003137 -0.610499 -28.142208 -0.030018 0.998577 -0.044074 -3.758346 0.609768 0.053233 0.790790 59.840382
0.787236 -0.003664 -0.616641 -28.802317 -0.029056 0.998651 -0.043029 -3.821821 0.615967 0.051791 0.786068 60.696602
0.782358 -0.003706 -0.622818 -29.484238 -0.028884 0.998691 -0.042225 -3.880902 0.622159 0.051024 0.781226 61.549095
0.777060 -0.005750 -0.629401 -30.166079 -0.027784 0.998670 -0.043427 -3.935078 0.628814 0.051233 0.775867 62.394855
0.771867 -0.006277 -0.635753 -30.866741 -0.028184 0.998630 -0.044078 -4.007002 0.635159 0.051941 0.770633 63.236755
0.766361 -0.008124 -0.642359 -31.594280 -0.027121 0.998619 -0.044987 -4.061717 0.641837 0.051897 0.765083 64.089127
0.760757 -0.009814 -0.648963 -32.294979 -0.026360 0.998593 -0.046003 -4.125361 0.648502 0.052104 0.759428 64.919540
0.754309 -0.011888 -0.656412 -32.991493 -0.025410 0.998558 -0.047284 -4.176759 0.656028 0.052346 0.752919 65.755356
0.747717 -0.012811 -0.663894 -33.706039 -0.024833 0.998575 -0.047238 -4.246007 0.663553 0.051807 0.746333 66.601067
0.740971 -0.013678 -0.671397 -34.429138 -0.022985 0.998690 -0.045713 -4.300075 0.671143 0.049304 0.739686 67.445686
0.734006 -0.013774 -0.679003 -35.153183 -0.022581 0.998747 -0.044671 -4.368727 0.678767 0.048121 0.732775 68.275627
0.727174 -0.014203 -0.686306 -35.885242 -0.022733 0.998739 -0.044755 -4.459107 0.686077 0.048146 0.725935 69.109619
0.719588 -0.015877 -0.694220 -36.565922 -0.022444 0.998684 -0.046105 -4.520258 0.694038 0.048757 0.718285 69.924919
0.713408 -0.014512 -0.700599 -37.322708 -0.024909 0.998629 -0.046049 -4.587422 0.700306 0.050303 0.712068 70.713211
0.707744 -0.013203 -0.706345 -38.095814 -0.026349 0.998636 -0.045067 -4.663096 0.705977 0.050508 0.706431 71.511826
0.702397 -0.013192 -0.711663 -38.881111 -0.026801 0.998629 -0.044964 -4.723857 0.711280 0.050656 0.701081 72.317421
0.696979 -0.014125 -0.716952 -39.660931 -0.026867 0.998590 -0.045792 -4.790749 0.716588 0.051178 0.695616 73.125839
0.691193 -0.015590 -0.722502 -40.467682 -0.027751 0.998457 -0.048093 -4.865291 0.722137 0.053292 0.689694 73.936386
0.685685 -0.017697 -0.727683 -41.284222 -0.028228 0.998306 -0.050878 -4.932675 0.727351 0.055427 0.684024 74.735359
0.680788 -0.018045 -0.732259 -42.126076 -0.029407 0.998217 -0.051939 -4.993269 0.731890 0.056893 0.679043 75.525131
0.675290 -0.016860 -0.737360 -42.948830 -0.029689 0.998307 -0.050016 -5.075756 0.736955 0.055667 0.673646 76.332634
0.669863 -0.016831 -0.742294 -43.795193 -0.029345 0.998362 -0.049119 -5.145679 0.741905 0.054685 0.668271 77.122437
0.664465 -0.017241 -0.747120 -44.671440 -0.029108 0.998378 -0.048927 -5.226233 0.746752 0.054257 0.662886 77.923302
0.659205 -0.017834 -0.751752 -45.528934 -0.028543 0.998405 -0.048715 -5.309370 0.751421 0.053570 0.657644 78.729073
0.654738 -0.017687 -0.755649 -46.425179 -0.028597 0.998431 -0.048148 -5.386705 0.755315 0.053134 0.653205 79.527740
0.650845 -0.018217 -0.758992 -47.296051 -0.027610 0.998483 -0.047641 -5.468699 0.758709 0.051962 0.649355 80.287155
0.646672 -0.020583 -0.762491 -48.193092 -0.025908 0.998466 -0.048925 -5.534713 0.762328 0.051393 0.645147 81.077316
0.642393 -0.025532 -0.765950 -49.062164 -0.022312 0.998398 -0.051993 -5.605636 0.766051 0.050490 0.640794 81.819992
0.638185 -0.029681 -0.769311 -49.974995 -0.018580 0.998372 -0.053932 -5.669636 0.769659 0.048712 0.636594 82.564758
0.631950 -0.033423 -0.774288 -50.926163 -0.013254 0.998457 -0.053917 -5.737331 0.774896 0.044336 0.630532 83.330391
0.623262 -0.037150 -0.781130 -51.867649 -0.008301 0.998500 -0.054111 -5.818681 0.781969 0.040209 0.622019 84.105316
0.614050 -0.038272 -0.788339 -52.822151 -0.004998 0.998615 -0.052373 -5.893440 0.789251 0.036100 0.613008 84.861107
0.605262 -0.036775 -0.795176 -53.796967 -0.004370 0.998764 -0.049517 -5.971349 0.796014 0.033446 0.604353 85.606529
0.595852 -0.036531 -0.802263 -54.785267 -0.004878 0.998782 -0.049102 -6.050165 0.803079 0.033171 0.594948 86.346794
0.587278 -0.037467 -0.808518 -55.807877 -0.006250 0.998688 -0.050819 -6.127234 0.809361 0.034899 0.586273 87.042191
0.577199 -0.040211 -0.815613 -56.830769 -0.004894 0.998599 -0.052696 -6.194686 0.816589 0.034408 0.576194 87.762718
0.567319 -0.041801 -0.822436 -57.851414 -0.004875 0.998523 -0.054113 -6.266118 0.823484 0.034709 0.566277 88.475838
0.557127 -0.042983 -0.829314 -58.918762 -0.001478 0.998607 -0.052751 -6.340777 0.830426 0.030615 0.556287 89.190002
0.546713 -0.042685 -0.836231 -60.002045 -0.000389 0.998687 -0.051231 -6.426798 0.837320 0.028334 0.545979 89.897964
0.536352 -0.043756 -0.842860 -61.079769 0.000193 0.998662 -0.051722 -6.496029 0.843995 0.027578 0.535642 90.580696
0.526597 -0.044502 -0.848950 -62.175293 -0.001014 0.998595 -0.052976 -6.572895 0.850115 0.028758 0.525812 91.237572
0.516571 -0.045349 -0.855042 -63.265060 -0.002321 0.998519 -0.054361 -6.639038 0.856241 0.030066 0.515701 91.892036
0.506756 -0.046841 -0.860816 -64.380569 -0.002531 0.998438 -0.055819 -6.717835 0.862086 0.030465 0.505846 92.538040
0.497197 -0.046399 -0.866396 -65.486557 -0.003722 0.998446 -0.055607 -6.806961 0.867629 0.030873 0.496252 93.179321
0.488679 -0.044852 -0.871310 -66.626350 -0.003826 0.998558 -0.053548 -6.879357 0.872455 0.029502 0.487803 93.802330
0.480365 -0.043673 -0.875981 -67.739388 -0.002518 0.998687 -0.051172 -6.956390 0.877065 0.026787 0.479624 94.423599
0.472967 -0.044389 -0.879961 -68.867317 -0.002112 0.998670 -0.051512 -7.026820 0.881077 0.026222 0.472245 95.024391
0.465120 -0.047689 -0.883962 -70.005470 0.000306 0.998556 -0.053710 -7.109315 0.885248 0.024711 0.464463 95.636116
0.458118 -0.051676 -0.887388 -71.130173 0.003929 0.998417 -0.056114 -7.189664 0.888883 0.022220 0.457596 96.229774
0.452082 -0.054691 -0.890298 -72.243088 0.006167 0.998286 -0.058194 -7.274865 0.891955 0.020818 0.451644 96.806076
0.446292 -0.058317 -0.892985 -73.383118 0.007659 0.998087 -0.061352 -7.363070 0.894855 0.020541 0.445885 97.394905
0.441356 -0.059079 -0.895385 -74.509300 0.010384 0.998100 -0.060737 -7.457227 0.897272 0.017509 0.441131 97.967148
0.436742 -0.057193 -0.897767 -75.655525 0.013210 0.998277 -0.057170 -7.541016 0.899490 0.013109 0.436745 98.546822
0.432817 -0.055561 -0.899768 -76.795273 0.016830 0.998423 -0.053557 -7.623594 0.901325 0.008037 0.433070 99.114784
0.428903 -0.054547 -0.901702 -77.915588 0.017607 0.998490 -0.052027 -7.717153 0.903179 0.006438 0.429216 99.684502
0.425605 -0.054256 -0.903281 -79.033554 0.018842 0.998516 -0.051099 -7.799018 0.904713 0.004728 0.425996 100.243668
0.422933 -0.054470 -0.904522 -80.193382 0.022366 0.998515 -0.049672 -7.862516 0.905885 0.000778 0.423524 100.797699
0.420535 -0.053864 -0.905676 -81.325119 0.024329 0.998547 -0.048090 -7.938373 0.906950 -0.001811 0.421234 101.336327
0.418347 -0.056248 -0.906544 -82.465240 0.029149 0.998398 -0.048496 -7.998809 0.907819 -0.006136 0.419317 101.855469
0.415345 -0.057503 -0.907845 -83.535957 0.032418 0.998302 -0.048401 -8.059792 0.909086 -0.009328 0.416503 102.385681
0.413589 -0.057237 -0.908663 -84.677711 0.036232 0.998266 -0.046390 -8.130754 0.909742 -0.013736 0.414946 102.885605
0.410922 -0.056350 -0.909928 -85.724937 0.038097 0.998277 -0.044617 -8.206253 0.910874 -0.016331 0.412360 103.400932
0.409486 -0.057115 -0.910527 -86.788948 0.039365 0.998215 -0.044912 -8.289847 0.911467 -0.017452 0.411003 103.882835
0.408755 -0.059799 -0.910683 -87.867043 0.042274 0.998021 -0.046560 -8.335916 0.911664 -0.019467 0.410474 104.364273
0.408031 -0.060664 -0.910950 -88.906082 0.041616 0.997989 -0.047819 -8.421725 0.912019 -0.018398 0.409735 104.840797
0.407620 -0.061340 -0.911089 -89.897560 0.040991 0.997965 -0.048849 -8.498888 0.912231 -0.017434 0.409305 105.312439
0.410473 -0.060971 -0.909832 -90.954933 0.039302 0.998018 -0.049149 -8.580452 0.911025 -0.015584 0.412056 105.771408
0.414129 -0.060641 -0.908196 -91.915749 0.036975 0.998075 -0.049782 -8.665271 0.909467 -0.012965 0.415574 106.249718
0.419036 -0.060413 -0.905957 -92.880081 0.034773 0.998120 -0.050475 -8.750976 0.907303 -0.010352 0.420349 106.703735
0.425407 -0.059881 -0.903019 -93.847855 0.033463 0.998167 -0.050426 -8.835142 0.904383 -0.008767 0.426631 107.153511
0.431655 -0.058335 -0.900151 -94.799477 0.032028 0.998269 -0.049335 -8.914154 0.901470 -0.007534 0.432776 107.630814
0.440899 -0.054969 -0.895872 -95.771111 0.028355 0.998478 -0.047310 -9.013628 0.897109 -0.004544 0.441786 108.084541
0.448742 -0.054132 -0.892020 -96.639145 0.027405 0.998528 -0.046809 -9.075057 0.893241 -0.003441 0.449565 108.579422
0.457220 -0.055297 -0.887633 -97.525093 0.027784 0.998466 -0.047890 -9.114967 0.888919 -0.002766 0.458055 109.083275
0.466474 -0.055727 -0.882778 -98.430389 0.026279 0.998446 -0.049142 -9.183748 0.884144 -0.000275 0.467214 109.590660
0.476164 -0.056065 -0.877568 -99.240997 0.023406 0.998420 -0.051086 -9.264433 0.879045 0.003785 0.476723 110.081528
0.486978 -0.057269 -0.871535 -100.079277 0.022202 0.998337 -0.053196 -9.324725 0.873132 0.006556 0.487440 110.588844
0.499430 -0.055326 -0.864586 -100.987015 0.020219 0.998431 -0.052211 -9.405689 0.866118 0.008594 0.499765 111.109314
0.511643 -0.052101 -0.857617 -101.827217 0.018397 0.998595 -0.049690 -9.483767 0.859001 0.009645 0.511883 111.644432
0.523489 -0.049585 -0.850589 -102.650787 0.017337 0.998718 -0.047551 -9.546387 0.851856 0.010146 0.523677 112.192039
0.534253 -0.050065 -0.843841 -103.431419 0.018399 0.998697 -0.047604 -9.598396 0.845125 0.009907 0.534477 112.756592
0.545091 -0.050619 -0.836847 -104.255066 0.018735 0.998662 -0.048203 -9.665752 0.838167 0.010596 0.545310 113.332191
0.555985 -0.050389 -0.829663 -105.072372 0.017584 0.998650 -0.048868 -9.747521 0.831006 0.012581 0.556121 113.902992
0.566818 -0.051618 -0.822224 -105.897934 0.019268 0.998593 -0.049407 -9.827575 0.823617 0.012162 0.567015 114.482933
0.577266 -0.050765 -0.814976 -106.718803 0.018892 0.998629 -0.048823 -9.903854 0.816337 0.012787 0.577434 115.092270
0.587965 -0.049495 -0.807371 -107.497841 0.018574 0.998689 -0.047697 -9.946486 0.808673 0.013049 0.588114 115.666046
0.597619 -0.046894 -0.800408 -108.242455 0.019100 0.998838 -0.044259 -10.009901 0.801553 0.011162 0.597820 116.250816
0.607952 -0.044378 -0.792733 -109.003990 0.017327 0.998941 -0.042634 -10.077934 0.793785 0.012184 0.608077 116.836853
0.618176 -0.042918 -0.784867 -109.730515 0.014314 0.998957 -0.043351 -10.147260 0.785910 0.015564 0.618146 117.410896
0.627831 -0.041583 -0.777238 -110.481514 0.011425 0.998957 -0.044216 -10.213485 0.778265 0.018881 0.627651 118.025642
0.637317 -0.040867 -0.769517 -111.214317 0.010988 0.998973 -0.043953 -10.273703 0.770524 0.019556 0.637111 118.631577
0.646343 -0.038764 -0.762062 -111.940765 0.010705 0.999071 -0.041740 -10.335835 0.762972 0.018820 0.646158 119.259186
0.655035 -0.036549 -0.754714 -112.639519 0.010427 0.999172 -0.039338 -10.397522 0.755527 0.017898 0.654873 119.889549
0.663306 -0.036200 -0.747472 -113.338531 0.011012 0.999193 -0.038619 -10.452443 0.748267 0.017385 0.663169 120.515137
0.671313 -0.035430 -0.740326 -114.021774 0.009777 0.999193 -0.038953 -10.503496 0.741109 0.018911 0.671118 121.137733
0.679024 -0.034259 -0.733317 -114.691261 0.009133 0.999227 -0.038225 -10.557376 0.734060 0.019258 0.678812 121.752884
0.686283 -0.031287 -0.726662 -115.361618 0.008058 0.999340 -0.035416 -10.607631 0.727290 0.018450 0.686082 122.397064
0.693947 -0.028769 -0.719451 -116.017365 0.007377 0.999433 -0.032849 -10.653709 0.719989 0.017488 0.693765 123.039177
0.701210 -0.028054 -0.712403 -116.643845 0.007369 0.999457 -0.032104 -10.691554 0.712917 0.017262 0.701036 123.675819
0.708934 -0.027506 -0.704738 -117.287659 0.007069 0.999466 -0.031898 -10.729731 0.705239 0.017632 0.708750 124.324348
0.717097 -0.024599 -0.696539 -117.909622 0.004238 0.999512 -0.030935 -10.767388 0.696960 0.019232 0.716852 124.958038
0.726432 -0.021896 -0.686890 -118.515442 0.003731 0.999603 -0.027919 -10.808291 0.687229 0.017718 0.726225 125.590866
0.735935 -0.018210 -0.676807 -119.121040 0.002026 0.999693 -0.024695 -10.839893 0.677049 0.016803 0.735746 126.253609
0.746207 -0.016650 -0.665505 -119.721764 0.000602 0.999704 -0.024337 -10.862667 0.665713 0.017760 0.745996 126.916306
0.756370 -0.015790 -0.653953 -120.286430 -0.001094 0.999677 -0.025403 -10.890863 0.654143 0.019930 0.756108 127.565071
0.766582 -0.017308 -0.641913 -120.828644 -0.000355 0.999625 -0.027376 -10.927921 0.642146 0.021214 0.766289 128.216019
0.776314 -0.016087 -0.630141 -121.339539 -0.001249 0.999633 -0.027058 -10.957655 0.630345 0.021793 0.776009 128.894211
0.786726 -0.014292 -0.617136 -121.848778 -0.002243 0.999659 -0.026009 -10.972873 0.617298 0.021846 0.786426 129.558243
0.797064 -0.011791 -0.603779 -122.331314 -0.002620 0.999732 -0.022981 -11.007032 0.603889 0.019900 0.796820 130.200912
0.806688 -0.011086 -0.590874 -122.794624 -0.001777 0.999774 -0.021185 -11.025914 0.590975 0.018140 0.806486 130.868378
0.816260 -0.009035 -0.577614 -123.256577 -0.001679 0.999836 -0.018012 -11.066172 0.577683 0.015672 0.816111 131.496613
0.824473 -0.008196 -0.565842 -123.687576 -0.000901 0.999875 -0.015796 -11.096539 0.565900 0.013533 0.824363 132.147705
0.831971 -0.008356 -0.554756 -124.142563 0.000349 0.999894 -0.014536 -11.117934 0.554819 0.011900 0.831886 132.835083
0.838969 -0.008412 -0.544115 -124.592506 0.001067 0.999904 -0.013814 -11.148705 0.544179 0.011010 0.838897 133.516220
0.846251 -0.007164 -0.532737 -125.051231 -0.000346 0.999902 -0.013996 -11.165266 0.532785 0.012028 0.846165 134.220001
0.853045 -0.004945 -0.521815 -125.486763 -0.002332 0.999909 -0.013288 -11.183703 0.521833 0.012552 0.852955 134.934402
0.859635 -0.004196 -0.510891 -125.913765 -0.002665 0.999916 -0.012697 -11.207841 0.510901 0.012276 0.859552 135.640640
0.865450 -0.004594 -0.500975 -126.317780 -0.002263 0.999912 -0.013078 -11.225897 0.500991 0.012451 0.865363 136.363098
0.870591 -0.006054 -0.491970 -126.720909 -0.001017 0.999900 -0.014105 -11.247549 0.492007 0.012780 0.870498 137.094757
0.875161 -0.006544 -0.483788 -127.135109 -0.000682 0.999891 -0.014758 -11.268670 0.483832 0.013246 0.875061 137.840729
0.878628 -0.005693 -0.477473 -127.542686 -0.001210 0.999899 -0.014149 -11.284041 0.477506 0.013010 0.878532 138.606064
0.881951 -0.003830 -0.471326 -127.944298 -0.001471 0.999940 -0.010878 -11.301055 0.471339 0.010287 0.881892 139.366714
0.885498 -0.000079 -0.464644 -128.370071 -0.003273 0.999974 -0.006406 -11.318829 0.464632 0.007193 0.885475 140.145721
0.889155 0.002509 -0.457598 -128.793015 -0.004788 0.999981 -0.003822 -11.329164 0.457580 0.005589 0.889151 140.931168
0.892610 0.005094 -0.450802 -129.223145 -0.006742 0.999975 -0.002050 -11.330665 0.450780 0.004869 0.892622 141.757797
0.896326 0.007152 -0.443338 -129.665680 -0.007876 0.999969 0.000210 -11.340406 0.443326 0.003304 0.896354 142.600311
0.900055 0.008025 -0.435703 -130.093994 -0.007682 0.999967 0.002550 -11.334759 0.435709 0.001052 0.900087 143.446747
0.903851 0.007775 -0.427777 -130.535629 -0.006640 0.999969 0.004147 -11.331444 0.427796 -0.000908 0.903875 144.332001
0.907809 0.007669 -0.419314 -130.953720 -0.006050 0.999968 0.005191 -11.339521 0.419340 -0.002175 0.907826 145.200882
0.911496 0.006984 -0.411250 -131.344940 -0.005418 0.999973 0.004973 -11.340473 0.411274 -0.002305 0.911509 146.076767
0.915592 0.003851 -0.402090 -131.753708 -0.002484 0.999989 0.003921 -11.331977 0.402101 -0.002591 0.915592 146.990021
0.919940 0.002155 -0.392053 -132.148636 -0.001308 0.999996 0.002428 -11.329686 0.392056 -0.001721 0.919940 147.874908
0.924577 0.001010 -0.380995 -132.537994 -0.001000 0.999999 0.000225 -11.335588 0.380995 0.000173 0.924577 148.801361
0.929944 0.002881 -0.367689 -132.928696 -0.003358 0.999994 -0.000657 -11.339748 0.367685 0.001846 0.929949 149.765884
0.936159 0.006108 -0.351523 -133.301025 -0.006586 0.999978 -0.000163 -11.330776 0.351514 0.002467 0.936179 150.726044
0.942840 0.008656 -0.333132 -133.648300 -0.008346 0.999962 0.002361 -11.333483 0.333140 0.000554 0.942877 151.691727
0.949708 0.010526 -0.312961 -133.994278 -0.009916 0.999945 0.003541 -11.329762 0.312981 -0.000259 0.949759 152.695496
0.956472 0.011364 -0.291602 -134.308426 -0.010538 0.999935 0.004403 -11.343644 0.291633 -0.001138 0.956530 153.680618
0.962550 0.011891 -0.270842 -134.592987 -0.010830 0.999927 0.005413 -11.338501 0.270886 -0.002277 0.962609 154.699570
0.968356 0.011896 -0.249289 -134.863159 -0.010232 0.999916 0.007972 -11.342290 0.249363 -0.005169 0.968396 155.732864
0.973734 0.014346 -0.227234 -135.111343 -0.012098 0.999863 0.011280 -11.346154 0.227365 -0.008235 0.973775 156.780731
0.978530 0.015437 -0.205528 -135.320175 -0.012523 0.999802 0.015475 -11.338965 0.205726 -0.012569 0.978529 157.867416
0.982821 0.016789 -0.183796 -135.509308 -0.013574 0.999732 0.018737 -11.338575 0.184062 -0.015921 0.982786 158.923920
0.986679 0.018404 -0.161632 -135.709061 -0.015642 0.999709 0.018345 -11.324830 0.161923 -0.015573 0.986681 160.080185
0.990087 0.017146 -0.139403 -135.874817 -0.015107 0.999763 0.015673 -11.305547 0.139639 -0.013412 0.990112 161.223083
0.992798 0.017332 -0.118540 -136.007080 -0.015666 0.999765 0.014969 -11.305088 0.118772 -0.013004 0.992836 162.353333
0.995011 0.014397 -0.098718 -136.109375 -0.012819 0.999780 0.016598 -11.287680 0.098935 -0.015250 0.994977 163.523209
0.996796 0.014231 -0.078709 -136.212906 -0.012831 0.999751 0.018261 -11.280107 0.078949 -0.017193 0.996730 164.714005
0.998214 0.014081 -0.058052 -136.309738 -0.013011 0.999739 0.018771 -11.257288 0.058301 -0.017982 0.998137 165.945984
0.999176 0.014918 -0.037741 -136.383041 -0.014195 0.999712 0.019374 -11.244875 0.038019 -0.018822 0.999100 167.080109
0.999761 0.013561 -0.017161 -136.422867 -0.013213 0.999708 0.020237 -11.229017 0.017430 -0.020005 0.999648 168.261581
0.999892 0.014315 0.003468 -136.441299 -0.014380 0.999708 0.019441 -11.204759 -0.003189 -0.019489 0.999805 169.466248
0.999592 0.016011 0.023663 -136.448105 -0.016446 0.999697 0.018297 -11.193867 -0.023363 -0.018679 0.999553 170.618027
0.998892 0.016405 0.044112 -136.419662 -0.017117 0.999728 0.015813 -11.178139 -0.043840 -0.016551 0.998901 171.862625
0.997858 0.017842 0.062944 -136.343399 -0.018693 0.999741 0.012960 -11.153848 -0.062697 -0.014109 0.997933 173.151489
0.996365 0.019588 0.082908 -136.258438 -0.020582 0.999726 0.011153 -11.153165 -0.082667 -0.012819 0.996495 174.401413
0.994540 0.018590 0.102688 -136.152634 -0.019493 0.999780 0.007800 -11.142858 -0.102520 -0.009759 0.994683 175.736420
0.992330 0.020057 0.121979 -136.024780 -0.020454 0.999789 0.002006 -11.137890 -0.121913 -0.004485 0.992531 177.009903
0.989732 0.021950 0.141238 -135.880371 -0.021500 0.999758 -0.004713 -11.141644 -0.141307 0.001628 0.989964 178.282349
0.986978 0.023054 0.159194 -135.682892 -0.021711 0.999713 -0.010172 -11.150374 -0.159383 0.006583 0.987195 179.628815
0.983793 0.025489 0.177488 -135.471802 -0.023297 0.999625 -0.014423 -11.171948 -0.177789 0.010054 0.984017 180.974945
0.980156 0.027476 0.196317 -135.237625 -0.024436 0.999541 -0.017889 -11.185091 -0.196718 0.012737 0.980377 182.303238
0.976326 0.026664 0.214657 -134.971756 -0.023368 0.999567 -0.017878 -11.220493 -0.215040 0.012439 0.976526 183.642059
0.972031 0.026080 0.233399 -134.677246 -0.022483 0.999584 -0.018059 -11.263152 -0.233773 0.012306 0.972213 184.993423
0.967888 0.026251 0.250009 -134.339722 -0.021038 0.999502 -0.023500 -11.297574 -0.250502 0.017485 0.967958 186.301254
0.963300 0.027668 0.266999 -133.973969 -0.020888 0.999384 -0.028202 -11.321218 -0.267615 0.021589 0.963284 187.662125
0.958445 0.030598 0.283633 -133.603424 -0.023074 0.999289 -0.029831 -11.297591 -0.284344 0.022047 0.958469 188.942535
0.952854 0.032884 0.301643 -133.208939 -0.024694 0.999217 -0.030925 -11.341747 -0.302424 0.022018 0.952919 190.295273
0.946044 0.036956 0.321923 -132.929230 -0.027060 0.999015 -0.035160 -11.334195 -0.322905 0.024552 0.946113 191.650864
0.939735 0.037559 0.339833 -132.505798 -0.025604 0.998888 -0.039598 -11.372169 -0.340942 0.028511 0.939652 192.951752
0.933165 0.038054 0.357428 -132.099609 -0.024563 0.998807 -0.042212 -11.408921 -0.358607 0.030612 0.932986 194.224030
0.926091 0.037685 0.375414 -131.640900 -0.021684 0.998671 -0.046757 -11.512335 -0.376677 0.035161 0.925677 195.472168
0.917527 0.040821 0.395572 -131.228027 -0.021604 0.998365 -0.052916 -11.580580 -0.397085 0.040006 0.916909 196.673279
0.907788 0.044751 0.417036 -130.683594 -0.023510 0.998158 -0.055934 -11.683190 -0.418771 0.040972 0.907167 197.909897
0.896081 0.046976 0.441397 -130.136948 -0.024272 0.998082 -0.056946 -11.779561 -0.443226 0.040315 0.895503 199.137787
0.882840 0.051797 0.466808 -129.532440 -0.027366 0.997885 -0.058969 -11.873968 -0.468875 0.039286 0.882390 200.375092
0.868720 0.055803 0.492150 -128.912155 -0.029030 0.997661 -0.061878 -11.986316 -0.494452 0.039467 0.868308 201.599136
0.855147 0.058944 0.515024 -128.194061 -0.029685 0.997452 -0.064868 -12.084767 -0.517535 0.040183 0.854718 202.758392
0.840012 0.060034 0.539236 -127.494759 -0.027991 0.997331 -0.067430 -12.165158 -0.541845 0.041548 0.839451 203.931641
0.824558 0.061810 0.562391 -126.711159 -0.026832 0.997168 -0.070253 -12.258969 -0.565141 0.042838 0.823881 205.129242
0.809415 0.063081 0.583839 -125.877029 -0.021294 0.996713 -0.078168 -12.290300 -0.586851 0.050838 0.808097 206.266602
0.792376 0.064609 0.606602 -125.060799 -0.017586 0.996382 -0.083153 -12.406656 -0.609780 0.055221 0.790645 207.445312
0.776770 0.065609 0.626358 -124.180313 -0.013146 0.996031 -0.088028 -12.482884 -0.629647 0.060143 0.774549 208.540421
0.760156 0.066593 0.646319 -123.301407 -0.009761 0.995792 -0.091120 -12.614732 -0.649668 0.062957 0.757607 209.607513
0.744552 0.068470 0.664044 -122.288910 -0.009672 0.995728 -0.091825 -12.755326 -0.667494 0.061946 0.742034 210.730103
0.727752 0.068725 0.682388 -121.378670 -0.005955 0.995562 -0.093914 -12.901850 -0.685814 0.064283 0.724932 211.768845
0.713001 0.069323 0.697727 -120.416176 -0.001283 0.995228 -0.097571 -13.007106 -0.701161 0.068673 0.709688 212.756927
0.700158 0.069156 0.710631 -119.463669 0.003784 0.994925 -0.100551 -13.144153 -0.713978 0.073091 0.696343 213.621323
0.686392 0.070895 0.723768 -118.412994 0.009634 0.994263 -0.106528 -13.237307 -0.727168 0.080093 0.681771 214.589935
0.671658 0.073167 0.737239 -117.435471 0.012815 0.993815 -0.110306 -13.326732 -0.740750 0.083535 0.666567 215.472244
0.655162 0.073681 0.751887 -116.409973 0.016540 0.993595 -0.111779 -13.448966 -0.755308 0.085669 0.649747 216.424789
0.638087 0.074071 0.766393 -115.302238 0.019903 0.993443 -0.112586 -13.585145 -0.769707 0.087093 0.632429 217.392197
0.621997 0.075602 0.779361 -114.090561 0.018850 0.993594 -0.111428 -13.728958 -0.782793 0.083999 0.616587 218.325851
0.604008 0.075506 0.793393 -112.892838 0.021131 0.993635 -0.110649 -13.880307 -0.796698 0.083598 0.598568 219.271698
0.586790 0.076312 0.806135 -111.653831 0.023755 0.993498 -0.111340 -14.001599 -0.809391 0.084483 0.581162 220.186081
0.569898 0.078500 0.817958 -110.419151 0.025870 0.993219 -0.113344 -14.175076 -0.821308 0.085755 0.564002 221.037689
0.552298 0.081665 0.829637 -109.193718 0.026542 0.992963 -0.115412 -14.336487 -0.833224 0.085762 0.546244 221.834885
0.532975 0.080679 0.842276 -108.019478 0.030419 0.992973 -0.114362 -14.504507 -0.845584 0.086573 0.526776 222.579285
0.511825 0.079476 0.855406 -106.821243 0.032186 0.993238 -0.111541 -14.672942 -0.858486 0.084622 0.505806 223.308243
0.490531 0.077648 0.867957 -105.615196 0.032857 0.993666 -0.107464 -14.852928 -0.870804 0.081233 0.484873 223.989716
0.468382 0.075999 0.880251 -104.385696 0.034640 0.993948 -0.104247 -15.019634 -0.882847 0.079319 0.462915 224.676392
0.446613 0.074767 0.891598 -103.135429 0.036719 0.994131 -0.101758 -15.187572 -0.893973 0.078185 0.441247 225.323914
0.425005 0.074296 0.902137 -101.890030 0.039267 0.994174 -0.100376 -15.343112 -0.904339 0.078085 0.419611 225.936005
0.403804 0.073537 0.911885 -100.664017 0.041680 0.994250 -0.098636 -15.511689 -0.913896 0.077837 0.398417 226.500885
0.382829 0.073708 0.920874 -99.417450 0.045022 0.994139 -0.098289 -15.673218 -0.922722 0.079088 0.377266 227.027176
0.361947 0.074016 0.929256 -98.182083 0.049110 0.993945 -0.098297 -15.805285 -0.930904 0.081214 0.356120 227.514862
0.340165 0.071184 0.937668 -96.952690 0.053463 0.994054 -0.094860 -15.964264 -0.938845 0.082398 0.334337 227.989487
0.319257 0.071432 0.944972 -95.780602 0.053206 0.994231 -0.093131 -16.113081 -0.946173 0.080011 0.313615 228.395523
0.300216 0.075676 0.950864 -94.692497 0.053983 0.993902 -0.096146 -16.252350 -0.952342 0.080195 0.294301 228.720947
0.280202 0.085085 0.956163 -93.577156 0.052134 0.993245 -0.103663 -16.397118 -0.958524 0.078895 0.273873 229.071426
0.260947 0.092720 0.960890 -92.377884 0.050675 0.992689 -0.109550 -16.554106 -0.964022 0.077280 0.254340 229.403870
0.240617 0.096871 0.965774 -91.189140 0.048542 0.992561 -0.111652 -16.708981 -0.969406 0.073746 0.234124 229.735931
0.221266 0.096976 0.970380 -89.999130 0.046469 0.992865 -0.109819 -16.886116 -0.974106 0.069392 0.215181 229.998215
0.200612 0.097383 0.974819 -88.781334 0.042656 0.993235 -0.108002 -17.038616 -0.978742 0.063249 0.195101 230.275360
0.181508 0.097258 0.978568 -87.600227 0.041209 0.993471 -0.106383 -17.201031 -0.982526 0.059635 0.176315 230.492188
0.161425 0.095847 0.982220 -86.410522 0.040849 0.993771 -0.103688 -17.349285 -0.986039 0.056861 0.156504 230.721558
0.142785 0.095775 0.985109 -85.224754 0.040916 0.993885 -0.102559 -17.494987 -0.988908 0.054950 0.137993 230.904846
0.124436 0.096390 0.987535 -84.052811 0.041620 0.993887 -0.102254 -17.642244 -0.991354 0.053825 0.119663 231.057312
0.105598 0.099500 0.989418 -82.856010 0.037566 0.993872 -0.103957 -17.786289 -0.993699 0.048146 0.101213 231.184937
0.086991 0.101620 0.991013 -81.672264 0.036736 0.993780 -0.105128 -17.917768 -0.995532 0.045551 0.082716 231.289429
0.069791 0.098417 0.992695 -80.497658 0.036363 0.994209 -0.101123 -18.063606 -0.996899 0.043154 0.065808 231.375946
0.054619 0.094548 0.994021 -79.322830 0.037945 0.994591 -0.096687 -18.187899 -0.997786 0.042999 0.050736 231.433029
0.040631 0.090422 0.995074 -78.200035 0.038160 0.995030 -0.091976 -18.316986 -0.998445 0.041709 0.036979 231.483200
0.029285 0.087492 0.995735 -77.038353 0.039356 0.995289 -0.088610 -18.432911 -0.998796 0.041783 0.025703 231.480698
0.018798 0.087849 0.995956 -75.919380 0.038972 0.995311 -0.088528 -18.552509 -0.999063 0.040479 0.015286 231.504333
0.010358 0.089878 0.995899 -74.822113 0.037863 0.995203 -0.090209 -18.679630 -0.999229 0.038642 0.006906 231.514969
0.004200 0.092156 0.995736 -73.706230 0.036258 0.995076 -0.092248 -18.783134 -0.999334 0.036490 0.000838 231.510239
-0.001185 0.096006 0.995380 -72.643867 0.035675 0.994751 -0.095903 -18.916100 -0.999363 0.035397 -0.004603 231.499130
-0.005837 0.105137 0.994441 -71.560997 0.035782 0.993843 -0.104863 -19.029602 -0.999343 0.034971 -0.009563 231.480133
-0.010502 0.108296 0.994063 -70.492836 0.033484 0.993599 -0.107892 -19.140285 -0.999384 0.032152 -0.014061 231.473526
-0.013912 0.100030 0.994887 -69.424255 0.034499 0.994439 -0.099502 -19.263067 -0.999308 0.032938 -0.017286 231.452515
-0.015523 0.090331 0.995791 -68.359215 0.034994 0.995350 -0.089745 -19.381973 -0.999267 0.033453 -0.018612 231.422409
-0.016565 0.086846 0.996084 -67.324371 0.034985 0.995661 -0.086227 -19.487150 -0.999251 0.033419 -0.019532 231.406403
-0.016502 0.088713 0.995920 -66.278038 0.033816 0.995536 -0.088119 -19.596508 -0.999292 0.032224 -0.019429 231.388443
-0.016225 0.092377 0.995592 -65.248322 0.034811 0.995171 -0.091771 -19.698807 -0.999262 0.033169 -0.019363 231.378601
-0.014028 0.094588 0.995418 -64.231354 0.032308 0.995039 -0.094097 -19.813860 -0.999380 0.030840 -0.017014 231.363571
-0.011772 0.095082 0.995400 -63.204330 0.030067 0.995052 -0.094693 -19.928526 -0.999479 0.028814 -0.014572 231.353470
-0.008742 0.096992 0.995247 -62.193726 0.028421 0.994907 -0.096709 -20.035984 -0.999558 0.027441 -0.011454 231.356644
-0.005184 0.098304 0.995143 -61.188442 0.026249 0.994827 -0.098136 -20.145048 -0.999642 0.025612 -0.007738 231.359970
-0.000564 0.100117 0.994976 -60.183769 0.024230 0.994685 -0.100074 -20.247593 -0.999706 0.024052 -0.002987 231.365921
0.005265 0.099499 0.995024 -59.179913 0.023100 0.994760 -0.099595 -20.355783 -0.999719 0.023510 0.002939 231.381226
0.013098 0.098266 0.995074 -58.180843 0.024340 0.994833 -0.098563 -20.462233 -0.999618 0.025512 0.010638 231.368271
0.020503 0.097666 0.995008 -57.191963 0.026707 0.994809 -0.098197 -20.572855 -0.999433 0.028587 0.017789 231.385254
0.028823 0.098952 0.994675 -56.179852 0.027692 0.994627 -0.099750 -20.681187 -0.999201 0.030420 0.025928 231.385544
0.035735 0.099081 0.994438 -55.190792 0.027685 0.994593 -0.100091 -20.783024 -0.998978 0.031108 0.032799 231.415848
0.042631 0.098185 0.994255 -54.196182 0.026255 0.994706 -0.099356 -20.892565 -0.998746 0.030340 0.039828 231.456528
0.048708 0.096183 0.994171 -53.209393 0.026156 0.994888 -0.097534 -20.998734 -0.998470 0.030754 0.045944 231.515854
0.055708 0.094641 0.993952 -52.249203 0.026650 0.995002 -0.096234 -21.109900 -0.998091 0.031849 0.052907 231.568069
0.062589 0.095463 0.993463 -51.268013 0.025599 0.994934 -0.097217 -21.218035 -0.997711 0.031516 0.059828 231.630356
0.069752 0.098082 0.992731 -50.296432 0.026094 0.994635 -0.100103 -21.319347 -0.997223 0.032887 0.066818 231.695190
0.077077 0.099430 0.992055 -49.320763 0.026497 0.994459 -0.101730 -21.429512 -0.996673 0.034127 0.074016 231.757523
0.083742 0.101531 0.991302 -48.351665 0.023771 0.994309 -0.103847 -21.542377 -0.996204 0.032261 0.080851 231.839935
0.090887 0.102413 0.990581 -47.371498 0.021160 0.994275 -0.104736 -21.652069 -0.995636 0.030480 0.088200 231.921997
0.097909 0.102022 0.989952 -46.433933 0.020389 0.994317 -0.104488 -21.767342 -0.994987 0.030415 0.095272 232.016724
0.105375 0.099703 0.989422 -45.469013 0.019874 0.994551 -0.102337 -21.879744 -0.994234 0.030447 0.102820 232.104370
0.113439 0.098262 0.988674 -44.507595 0.019647 0.994681 -0.101113 -21.991333 -0.993351 0.030895 0.110905 232.190811
