1.000000 0.000000 0.000000 0.000000 0.000000 1.000000 0.000000 0.000000 0.000000 0.000000 1.000000 0.000000
0.999993 0.001124 0.003548 -0.006171 -0.001120 0.999999 -0.001037 -0.003227 -0.003549 0.001033 0.999993 0.330391
0.999978 0.002219 0.006310 -0.006491 -0.002215 0.999997 -0.000745 -0.016275 -0.006312 0.000731 0.999980 1.049133
0.999965 0.001768 0.008119 -0.005833 -0.001763 0.999998 -0.000595 -0.039807 -0.008120 0.000581 0.999967 2.131112
0.999957 0.001831 0.009125 -0.004587 -0.001825 0.999998 -0.000651 -0.069227 -0.009127 0.000634 0.999958 3.308061
0.999950 0.001872 0.009861 -0.003827 -0.001865 0.999998 -0.000731 -0.094484 -0.009862 0.000712 0.999951 4.498697
0.999941 0.001763 0.010681 -0.003484 -0.001752 0.999998 -0.001057 -0.124956 -0.010683 0.001038 0.999942 5.689764
0.999933 0.001791 0.011393 0.003454 -0.001774 0.999997 -0.001452 -0.151125 -0.011396 0.001431 0.999934 6.878509
0.999934 0.001517 0.011405 0.008284 -0.001514 0.999999 -0.000236 -0.181395 -0.011406 0.000219 0.999935 8.086610
0.999948 0.001537 0.010054 0.017462 -0.001541 0.999999 0.000385 -0.208455 -0.010053 -0.000400 0.999949 9.300521
0.999971 0.000594 0.007611 0.027778 -0.000595 1.000000 0.000086 -0.238447 -0.007611 -0.000091 0.999971 10.495573
0.999986 0.001283 0.005096 0.029848 -0.001281 0.999999 -0.000487 -0.268204 -0.005097 0.000480 0.999987 11.693822
0.999992 0.001848 0.003421 0.031229 -0.001846 0.999998 -0.000764 -0.298547 -0.003423 0.000758 0.999994 12.881925
0.999992 0.003250 0.002145 0.023979 -0.003247 0.999994 -0.001179 -0.329758 -0.002149 0.001172 0.999997 14.080121
0.999994 0.003309 0.001243 0.019788 -0.003307 0.999993 -0.001497 -0.356136 -0.001247 0.001493 0.999998 15.265219
0.999994 0.003384 0.000736 0.013550 -0.003383 0.999993 -0.001527 -0.387189 -0.000741 0.001524 0.999999 16.451517
0.999995 0.003312 -0.000127 0.008243 -0.003312 0.999993 -0.001450 -0.417290 0.000122 0.001450 0.999999 17.643505
0.999995 0.003159 -0.000913 -0.002104 -0.003161 0.999993 -0.002209 -0.450552 0.000906 0.002212 0.999997 18.847660
0.999994 0.003111 -0.001713 -0.009318 -0.003116 0.999990 -0.003068 -0.480539 0.001704 0.003073 0.999994 20.040848
0.999991 0.003223 -0.002881 -0.017169 -0.003232 0.999990 -0.003103 -0.513287 0.002871 0.003113 0.999991 21.240522
0.999987 0.003338 -0.003942 -0.030920 -0.003351 0.999990 -0.003125 -0.543568 0.003932 0.003138 0.999987 22.438017
0.999981 0.003600 -0.005021 -0.051477 -0.003618 0.999987 -0.003613 -0.577145 0.005008 0.003631 0.999981 23.627096
0.999974 0.003999 -0.006030 -0.068189 -0.004018 0.999987 -0.003167 -0.606153 0.006017 0.003191 0.999977 24.827538
0.999970 0.003448 -0.006949 -0.078128 -0.003461 0.999992 -0.001805 -0.633644 0.006943 0.001829 0.999974 26.033810
0.999966 0.002849 -0.007713 -0.094895 -0.002862 0.999994 -0.001735 -0.666373 0.007708 0.001757 0.999969 27.229183
0.999962 0.001955 -0.008516 -0.111132 -0.001979 0.999994 -0.002764 -0.693627 0.008511 0.002780 0.999960 28.432386
0.999955 0.001566 -0.009328 -0.126338 -0.001597 0.999993 -0.003320 -0.726716 0.009322 0.003335 0.999951 29.627588
0.999948 0.002022 -0.010041 -0.146683 -0.002058 0.999992 -0.003527 -0.757175 0.010034 0.003547 0.999943 30.814835
0.999939 0.001910 -0.010876 -0.165613 -0.001946 0.999993 -0.003305 -0.787326 0.010870 0.003326 0.999935 32.011311
0.999934 0.001635 -0.011392 -0.187614 -0.001669 0.999994 -0.002982 -0.815305 0.011387 0.003001 0.999931 33.203297
0.999925 0.000782 -0.012212 -0.206049 -0.000818 0.999995 -0.002947 -0.848725 0.012210 0.002957 0.999921 34.398785
0.999916 0.000846 -0.012948 -0.233032 -0.000884 0.999995 -0.002940 -0.879444 0.012946 0.002951 0.999912 35.604031
0.999910 0.000514 -0.013433 -0.256106 -0.000544 0.999997 -0.002253 -0.911831 0.013432 0.002260 0.999907 36.807926
0.999906 0.000955 -0.013660 -0.281585 -0.000971 0.999999 -0.001151 -0.941864 0.013658 0.001164 0.999906 38.018559
0.999899 0.001875 -0.014072 -0.310850 -0.001876 0.999998 -0.000027 -0.972869 0.014072 0.000053 0.999901 39.229630
0.999895 0.002173 -0.014315 -0.339915 -0.002178 0.999998 -0.000295 -1.002870 0.014315 0.000326 0.999897 40.437214
0.999891 0.002591 -0.014559 -0.367350 -0.002593 0.999997 -0.000122 -1.033707 0.014559 0.000160 0.999894 41.652645
0.999886 0.004879 -0.014293 -0.403665 -0.004857 0.999987 0.001520 -1.060074 0.014300 -0.001451 0.999897 42.869076
0.999899 0.005521 -0.013120 -0.430446 -0.005464 0.999975 0.004422 -1.083143 0.013144 -0.004350 0.999904 44.085571
0.999912 0.006168 -0.011739 -0.457736 -0.006090 0.999959 0.006745 -1.102223 0.011781 -0.006673 0.999908 45.297726
0.999929 0.006145 -0.010197 -0.480871 -0.006048 0.999936 0.009532 -1.118460 0.010255 -0.009469 0.999903 46.517647
0.999942 0.005559 -0.009234 -0.497886 -0.005460 0.999927 0.010797 -1.133116 0.009294 -0.010746 0.999899 47.732796
0.999957 0.004672 -0.007970 -0.512464 -0.004597 0.999946 0.009365 -1.142905 0.008013 -0.009328 0.999924 48.939960
0.999960 0.005760 -0.006773 -0.533687 -0.005706 0.999952 0.007927 -1.166700 0.006818 -0.007888 0.999946 50.148361
0.999959 0.006671 -0.006116 -0.550550 -0.006628 0.999953 0.007028 -1.175487 0.006162 -0.006987 0.999957 51.346394
0.999959 0.006608 -0.006141 -0.568378 -0.006569 0.999958 0.006468 -1.197024 0.006184 -0.006427 0.999960 52.554810
0.999957 0.006150 -0.006909 -0.583398 -0.006113 0.999967 0.005387 -1.218427 0.006942 -0.005345 0.999962 53.755768
0.999940 0.007003 -0.008411 -0.601147 -0.006955 0.999959 0.005779 -1.237393 0.008451 -0.005720 0.999948 54.958904
0.999927 0.007302 -0.009585 -0.617198 -0.007238 0.999951 0.006744 -1.258142 0.009634 -0.006674 0.999931 56.163883
0.999915 0.007447 -0.010724 -0.638452 -0.007371 0.999947 0.007129 -1.276778 0.010777 -0.007049 0.999917 57.372364
0.999903 0.008172 -0.011296 -0.663880 -0.008097 0.999945 0.006655 -1.294553 0.011350 -0.006563 0.999914 58.573353
0.999888 0.008961 -0.011992 -0.693614 -0.008885 0.999941 0.006323 -1.314476 0.012048 -0.006215 0.999908 59.769676
0.999894 0.008120 -0.012076 -0.713543 -0.008050 0.999950 0.005856 -1.332816 0.012123 -0.005758 0.999910 60.965237
0.999894 0.007655 -0.012351 -0.733144 -0.007594 0.999959 0.005025 -1.357644 0.012389 -0.004930 0.999911 62.167614
0.999890 0.007822 -0.012573 -0.759295 -0.007742 0.999950 0.006385 -1.381148 0.012622 -0.006287 0.999901 63.373077
0.999889 0.007434 -0.012937 -0.781096 -0.007334 0.999943 0.007758 -1.399225 0.012994 -0.007662 0.999886 64.579285
0.999893 0.006977 -0.012829 -0.806379 -0.006893 0.999955 0.006529 -1.420473 0.012874 -0.006440 0.999896 65.776855
0.999879 0.008353 -0.013101 -0.832417 -0.008284 0.999951 0.005328 -1.443406 0.013145 -0.005219 0.999900 66.981514
0.999857 0.010683 -0.013107 -0.860542 -0.010610 0.999928 0.005601 -1.462698 0.013166 -0.005461 0.999898 68.185532
0.999844 0.011964 -0.013019 -0.884817 -0.011887 0.999912 0.005957 -1.484746 0.013089 -0.005802 0.999897 69.387253
0.999811 0.014180 -0.013307 -0.913787 -0.014101 0.999882 0.006050 -1.503393 0.013391 -0.005861 0.999893 70.591484
0.999813 0.014728 -0.012500 -0.940275 -0.014647 0.999871 0.006548 -1.526437 0.012595 -0.006363 0.999900 71.782188
0.999805 0.016550 -0.010799 -0.963808 -0.016480 0.999843 0.006568 -1.540043 0.010906 -0.006389 0.999920 72.972008
0.999839 0.015999 -0.008183 -0.981666 -0.015960 0.999861 0.004791 -1.557983 0.008258 -0.004660 0.999955 74.150139
0.999894 0.013130 -0.006221 -0.985384 -0.013128 0.999914 0.000277 -1.581868 0.006224 -0.000196 0.999981 75.321236
0.999900 0.013647 -0.003790 -1.002285 -0.013648 0.999907 -0.000470 -1.608565 0.003783 0.000522 0.999993 76.503967
0.999907 0.013615 -0.000971 -1.013110 -0.013612 0.999904 0.002668 -1.628401 0.001007 -0.002654 0.999996 77.679550
0.999910 0.013265 0.002079 -1.020489 -0.013273 0.999903 0.004162 -1.657690 -0.002023 -0.004189 0.999989 78.851952
0.999890 0.013750 0.005564 -1.031391 -0.013764 0.999902 0.002473 -1.672717 -0.005530 -0.002549 0.999981 80.004601
0.999870 0.013025 0.009473 -1.031536 -0.013023 0.999915 -0.000278 -1.699501 -0.009476 0.000154 0.999955 81.146957
0.999841 0.012620 0.012575 -1.031754 -0.012582 0.999916 -0.003086 -1.726283 -0.012613 0.002927 0.999916 82.294319
0.999797 0.012647 0.015656 -1.033386 -0.012585 0.999913 -0.004065 -1.762968 -0.015706 0.003867 0.999869 83.458870
0.999740 0.011949 0.019438 -1.033155 -0.011903 0.999926 -0.002517 -1.791922 -0.019467 0.002285 0.999808 84.621727
0.999656 0.012481 0.023054 -1.024598 -0.012446 0.999921 -0.001659 -1.822284 -0.023073 0.001372 0.999733 85.790100
0.999559 0.012053 0.027128 -1.020450 -0.011965 0.999923 -0.003397 -1.849202 -0.027167 0.003071 0.999626 86.950470
0.999461 0.012100 0.030522 -1.000375 -0.011944 0.999915 -0.005277 -1.883593 -0.030583 0.004909 0.999520 88.094711
0.999365 0.012323 0.033433 -0.971331 -0.012147 0.999911 -0.005442 -1.916967 -0.033497 0.005033 0.999426 89.254059
0.999310 0.011143 0.035432 -0.928465 -0.010996 0.999930 -0.004347 -1.950416 -0.035478 0.003954 0.999363 90.424263
0.999238 0.010498 0.037585 -0.882432 -0.010404 0.999942 -0.002685 -1.984460 -0.037611 0.002292 0.999290 91.582848
0.999166 0.009900 0.039615 -0.838874 -0.009871 0.999951 -0.000944 -2.012971 -0.039622 0.000552 0.999215 92.750519
0.999084 0.008538 0.041922 -0.785808 -0.008539 0.999964 -0.000165 -2.038404 -0.041922 -0.000193 0.999121 93.919846
0.999025 0.007238 0.043559 -0.739716 -0.007168 0.999973 -0.001772 -2.065487 -0.043571 0.001458 0.999049 95.090141
0.998941 0.005866 0.045626 -0.687139 -0.005639 0.999971 -0.005103 -2.091423 -0.045655 0.004840 0.998946 96.253349
0.998843 0.006073 0.047706 -0.638214 -0.005730 0.999957 -0.007318 -2.120569 -0.047749 0.007036 0.998835 97.422997
0.998764 0.005729 0.049371 -0.586596 -0.005330 0.999952 -0.008218 -2.150152 -0.049415 0.007945 0.998747 98.594261
0.998745 0.005719 0.049752 -0.540764 -0.005330 0.999954 -0.007944 -2.183083 -0.049795 0.007669 0.998730 99.787460
0.998770 0.005862 0.049237 -0.487498 -0.005572 0.999966 -0.006029 -2.213155 -0.049271 0.005748 0.998769 100.959961
0.998832 0.005443 0.048014 -0.428179 -0.005240 0.999977 -0.004349 -2.248065 -0.048036 0.004093 0.998837 102.138191
0.998917 0.005760 0.046161 -0.376825 -0.005604 0.999978 -0.003524 -2.277057 -0.046181 0.003262 0.998928 103.325218
0.999032 0.005996 0.043583 -0.324397 -0.005878 0.999979 -0.002853 -2.309213 -0.043599 0.002594 0.999046 104.526161
0.999160 0.006333 0.040488 -0.275761 -0.006218 0.999976 -0.002977 -2.336797 -0.040506 0.002722 0.999176 105.730095
0.999294 0.007830 0.036738 -0.236248 -0.007701 0.999964 -0.003671 -2.363826 -0.036766 0.003385 0.999318 106.935234
0.999432 0.007974 0.032733 -0.194720 -0.007868 0.999963 -0.003366 -2.393218 -0.032758 0.003107 0.999458 108.149620
0.999557 0.008351 0.028550 -0.163429 -0.008290 0.999963 -0.002245 -2.418859 -0.028567 0.002007 0.999590 109.361572
0.999665 0.008655 0.024406 -0.134180 -0.008620 0.999962 -0.001514 -2.449706 -0.024418 0.001303 0.999701 110.571419
0.999767 0.008588 0.019821 -0.111724 -0.008564 0.999963 -0.001260 -2.477653 -0.019831 0.001090 0.999803 111.787567
0.999851 0.008769 0.014872 -0.090314 -0.008759 0.999961 -0.000745 -2.508408 -0.014878 0.000615 0.999889 113.000259
0.999908 0.009118 0.010032 -0.084433 -0.009111 0.999958 -0.000710 -2.537022 -0.010038 0.000619 0.999949 114.214996
0.999943 0.009537 0.004847 -0.075998 -0.009532 0.999954 -0.001011 -2.562660 -0.004856 0.000964 0.999988 115.429359
0.999948 0.010189 0.000131 -0.079854 -0.010189 0.999947 -0.001308 -2.595320 -0.000144 0.001307 0.999999 116.651459
0.999925 0.011699 -0.003728 -0.083521 -0.011704 0.999930 -0.001517 -2.627591 0.003710 0.001560 0.999992 117.871658
0.999887 0.013799 -0.005938 -0.096985 -0.013809 0.999903 -0.001650 -2.652834 0.005914 0.001732 0.999981 119.095566
0.999865 0.014827 -0.007134 -0.116518 -0.014841 0.999888 -0.001847 -2.685149 0.007106 0.001953 0.999973 120.339294
0.999822 0.016847 -0.008493 -0.136998 -0.016864 0.999856 -0.001933 -2.717383 0.008459 0.002076 0.999962 121.583176
0.999772 0.019001 -0.009738 -0.154441 -0.019014 0.999818 -0.001269 -2.744430 0.009712 0.001454 0.999952 122.824142
0.999759 0.019123 -0.010805 -0.170812 -0.019134 0.999816 -0.000957 -2.777530 0.010785 0.001163 0.999941 124.068092
0.999695 0.021731 -0.011728 -0.208319 -0.021720 0.999764 0.001070 -2.808284 0.011749 -0.000815 0.999931 125.318161
0.999646 0.023402 -0.012682 -0.239499 -0.023354 0.999720 0.003898 -2.823772 0.012769 -0.003601 0.999912 126.584557
0.999657 0.022259 -0.013830 -0.261793 -0.022204 0.999745 0.004121 -2.849799 0.013918 -0.003813 0.999896 127.840408
0.999653 0.021939 -0.014598 -0.292358 -0.021894 0.999755 0.003228 -2.873272 0.014665 -0.002908 0.999888 129.094467
0.999674 0.020241 -0.015578 -0.305393 -0.020186 0.999790 0.003666 -2.888565 0.015649 -0.003350 0.999872 130.345642
0.999700 0.018071 -0.016523 -0.314684 -0.017977 0.999821 0.005851 -2.918925 0.016626 -0.005552 0.999846 131.612946
0.999728 0.016145 -0.016840 -0.332429 -0.016016 0.999842 0.007745 -2.937347 0.016962 -0.007473 0.999828 132.888138
0.999741 0.014431 -0.017617 -0.346743 -0.014280 0.999860 0.008691 -2.957176 0.017740 -0.008437 0.999807 134.163177
0.999775 0.011455 -0.017879 -0.356479 -0.011320 0.999907 0.007653 -2.977056 0.017965 -0.007449 0.999811 135.429520
0.999789 0.009676 -0.018130 -0.380343 -0.009552 0.999930 0.006926 -2.991607 0.018196 -0.006752 0.999812 136.691666
0.999800 0.008193 -0.018219 -0.404749 -0.008070 0.999944 0.006810 -3.017293 0.018274 -0.006662 0.999811 137.962601
0.999795 0.008468 -0.018380 -0.430780 -0.008337 0.999940 0.007175 -3.037228 0.018439 -0.007020 0.999805 139.229095
0.999812 0.008632 -0.017345 -0.462130 -0.008481 0.999926 0.008759 -3.057015 0.017420 -0.008610 0.999811 140.489151
0.999812 0.010006 -0.016626 -0.495938 -0.009837 0.999899 0.010245 -3.070678 0.016727 -0.010079 0.999809 141.750397
0.999824 0.010174 -0.015745 -0.526617 -0.010032 0.999908 0.009107 -3.090020 0.015836 -0.008947 0.999835 143.002625
0.999826 0.011080 -0.015039 -0.560765 -0.010967 0.999911 0.007604 -3.105302 0.015121 -0.007438 0.999858 144.270126
0.999831 0.011406 -0.014431 -0.590683 -0.011330 0.999922 0.005298 -3.124100 0.014490 -0.005133 0.999882 145.535248
0.999850 0.010612 -0.013710 -0.611241 -0.010586 0.999942 0.001990 -3.146655 0.013730 -0.001844 0.999904 146.785217
0.999854 0.010931 -0.013129 -0.628679 -0.010946 0.999939 -0.001123 -3.172441 0.013116 0.001266 0.999913 148.039459
0.999850 0.011396 -0.013005 -0.656101 -0.011425 0.999932 -0.002155 -3.202683 0.012980 0.002303 0.999913 149.303619
0.999849 0.011624 -0.012894 -0.680328 -0.011654 0.999930 -0.002209 -3.232679 0.012868 0.002359 0.999914 150.564301
0.999845 0.011947 -0.012904 -0.699192 -0.011971 0.999927 -0.001744 -3.263822 0.012882 0.001898 0.999915 151.821106
0.999837 0.012518 -0.013021 -0.721983 -0.012530 0.999921 -0.000786 -3.294719 0.013010 0.000949 0.999915 153.085678
0.999829 0.013041 -0.013110 -0.748498 -0.013047 0.999915 -0.000369 -3.322133 0.013104 0.000540 0.999914 154.349136
0.999822 0.013165 -0.013516 -0.770215 -0.013173 0.999913 -0.000552 -3.349772 0.013507 0.000729 0.999909 155.610641
0.999802 0.013666 -0.014488 -0.795424 -0.013675 0.999906 -0.000549 -3.375800 0.014480 0.000747 0.999895 156.878494
0.999788 0.013385 -0.015650 -0.819618 -0.013385 0.999910 0.000160 -3.402336 0.015651 0.000050 0.999878 158.155731
0.999767 0.013919 -0.016486 -0.854225 -0.013912 0.999903 0.000504 -3.431257 0.016492 -0.000275 0.999864 159.420120
0.999755 0.014176 -0.017002 -0.885592 -0.014184 0.999899 -0.000351 -3.460216 0.016995 0.000592 0.999855 160.678635
0.999733 0.014713 -0.017792 -0.916342 -0.014739 0.999890 -0.001348 -3.487089 0.017770 0.001610 0.999841 161.939575
0.999712 0.015078 -0.018686 -0.950275 -0.015113 0.999884 -0.001743 -3.513811 0.018657 0.002025 0.999824 163.201248
0.999704 0.014764 -0.019348 -0.982157 -0.014816 0.999887 -0.002582 -3.544620 0.019308 0.002868 0.999809 164.459885
0.999678 0.015550 -0.020062 -1.011952 -0.015619 0.999873 -0.003305 -3.577153 0.020008 0.003617 0.999793 165.720642
0.999659 0.015969 -0.020650 -1.042179 -0.016034 0.999867 -0.002998 -3.607879 0.020599 0.003328 0.999782 166.983078
0.999634 0.016268 -0.021630 -1.081308 -0.016318 0.999865 -0.002144 -3.638203 0.021593 0.002496 0.999764 168.245544
0.999607 0.016701 -0.022534 -1.117117 -0.016750 0.999858 -0.002002 -3.668262 0.022497 0.002379 0.999744 169.495865
0.999580 0.017066 -0.023417 -1.156489 -0.017111 0.999852 -0.001717 -3.700554 0.023384 0.002117 0.999724 170.745743
0.999555 0.017272 -0.024306 -1.194870 -0.017313 0.999849 -0.001448 -3.733005 0.024277 0.001868 0.999704 172.008545
0.999528 0.017614 -0.025168 -1.237400 -0.017672 0.999842 -0.002085 -3.764313 0.025127 0.002529 0.999681 173.266571
0.999494 0.018983 -0.025511 -1.285779 -0.019050 0.999816 -0.002398 -3.797539 0.025461 0.002883 0.999672 174.529434
0.999468 0.019467 -0.026159 -1.324617 -0.019534 0.999807 -0.002308 -3.826143 0.026109 0.002817 0.999655 175.790665
0.999459 0.019274 -0.026639 -1.370684 -0.019364 0.999808 -0.003139 -3.856977 0.026573 0.003653 0.999640 177.050339
0.999461 0.018592 -0.027051 -1.404494 -0.018720 0.999815 -0.004495 -3.887081 0.026962 0.004999 0.999624 178.314941
0.999495 0.016481 -0.027184 -1.442308 -0.016610 0.999852 -0.004511 -3.924106 0.027106 0.004960 0.999620 179.577225
0.999468 0.016583 -0.028081 -1.482461 -0.016627 0.999861 -0.001340 -3.958321 0.028055 0.001806 0.999605 180.832687
0.999466 0.016148 -0.028391 -1.518897 -0.016081 0.999867 0.002601 -3.988151 0.028429 -0.002143 0.999593 182.099594
0.999475 0.016161 -0.028066 -1.558356 -0.016095 0.999867 0.002562 -4.016098 0.028104 -0.002109 0.999603 183.360306
0.999458 0.017506 -0.027876 -1.610649 -0.017511 0.999847 0.000050 -4.044027 0.027873 0.000438 0.999611 184.603455
0.999438 0.018180 -0.028182 -1.658876 -0.018238 0.999832 -0.001802 -4.072180 0.028144 0.002315 0.999601 185.846298
0.999427 0.018115 -0.028593 -1.705709 -0.018170 0.999833 -0.001691 -4.104372 0.028557 0.002210 0.999590 187.091187
0.999414 0.019077 -0.028413 -1.757107 -0.019105 0.999817 -0.000720 -4.138893 0.028394 0.001262 0.999596 188.338974
0.999405 0.019207 -0.028640 -1.811415 -0.019181 0.999815 0.001164 -4.168970 0.028657 -0.000614 0.999589 189.588455
0.999420 0.018896 -0.028335 -1.864313 -0.018855 0.999821 0.001707 -4.196844 0.028362 -0.001172 0.999597 190.836838
0.999427 0.019492 -0.027658 -1.915364 -0.019461 0.999810 0.001389 -4.225103 0.027679 -0.000850 0.999617 192.077805
0.999467 0.018427 -0.026930 -1.956654 -0.018430 0.999830 0.000169 -4.252710 0.026928 0.000327 0.999637 193.321686
0.999478 0.018974 -0.026156 -2.000444 -0.018994 0.999819 -0.000510 -4.284885 0.026141 0.001007 0.999658 194.551880
0.999517 0.018173 -0.025205 -2.029868 -0.018206 0.999834 -0.001098 -4.315799 0.025181 0.001556 0.999682 195.769135
0.999534 0.018261 -0.024450 -2.062688 -0.018283 0.999833 -0.000687 -4.346531 0.024433 0.001133 0.999701 197.001022
0.999547 0.018844 -0.023479 -2.094118 -0.018827 0.999822 0.000946 -4.381067 0.023492 -0.000504 0.999724 198.216705
0.999540 0.019821 -0.022957 -2.130444 -0.019792 0.999803 0.001504 -4.414263 0.022982 -0.001049 0.999735 199.429733
0.999535 0.020733 -0.022359 -2.172930 -0.020711 0.999785 0.001206 -4.440834 0.022379 -0.000742 0.999749 200.637283
0.999537 0.021040 -0.021985 -2.212414 -0.021013 0.999778 0.001438 -4.469995 0.022011 -0.000975 0.999757 201.835220
0.999547 0.021145 -0.021415 -2.247862 -0.021119 0.999776 0.001433 -4.497741 0.021440 -0.000980 0.999770 203.030350
0.999542 0.021920 -0.020874 -2.280090 -0.021897 0.999759 0.001313 -4.525245 0.020897 -0.000855 0.999781 204.213791
0.999548 0.022138 -0.020335 -2.308964 -0.022114 0.999754 0.001401 -4.554076 0.020361 -0.000951 0.999792 205.382187
0.999570 0.021285 -0.020150 -2.334963 -0.021254 0.999773 0.001736 -4.584688 0.020182 -0.001307 0.999795 206.539169
0.999567 0.021485 -0.020093 -2.360185 -0.021449 0.999768 0.001993 -4.611147 0.020131 -0.001561 0.999796 207.682007
0.999549 0.021481 -0.020993 -2.389258 -0.021432 0.999767 0.002539 -4.638453 0.021043 -0.002088 0.999776 208.818924
0.999527 0.021586 -0.021926 -2.421749 -0.021534 0.999765 0.002626 -4.663944 0.021978 -0.002153 0.999756 209.932220
0.999502 0.022089 -0.022551 -2.452266 -0.022048 0.999755 0.002029 -4.693445 0.022590 -0.001531 0.999744 211.034805
0.999469 0.022577 -0.023504 -2.483426 -0.022556 0.999745 0.001156 -4.719924 0.023524 -0.000625 0.999723 212.127457
0.999442 0.023002 -0.024214 -2.515904 -0.022987 0.999735 0.000905 -4.744779 0.024229 -0.000348 0.999706 213.203247
0.999401 0.022905 -0.025950 -2.549826 -0.022889 0.999738 0.000913 -4.773511 0.025964 -0.000319 0.999663 214.271439
0.999360 0.022812 -0.027547 -2.587075 -0.022781 0.999739 0.001464 -4.799863 0.027573 -0.000835 0.999619 215.317352
0.999310 0.022516 -0.029548 -2.613647 -0.022450 0.999745 0.002576 -4.829538 0.029598 -0.001910 0.999560 216.363480
0.999231 0.023121 -0.031664 -2.651960 -0.023000 0.999727 0.004194 -4.854347 0.031752 -0.003463 0.999490 217.397110
0.999126 0.023688 -0.034443 -2.688325 -0.023558 0.999714 0.004163 -4.878726 0.034531 -0.003348 0.999398 218.408691
0.999012 0.024431 -0.037116 -2.736192 -0.024318 0.999698 0.003500 -4.902013 0.037190 -0.002594 0.999305 219.406387
0.998903 0.024537 -0.039892 -2.781286 -0.024407 0.999695 0.003743 -4.923415 0.039972 -0.002765 0.999197 220.382843
0.998741 0.025683 -0.043090 -2.824561 -0.025543 0.999666 0.003807 -4.946515 0.043173 -0.002701 0.999064 221.334000
0.998595 0.026578 -0.045839 -2.867312 -0.026444 0.999644 0.003533 -4.969753 0.045916 -0.002316 0.998943 222.256088
0.998444 0.026599 -0.049018 -2.915410 -0.026474 0.999644 0.003206 -4.991794 0.049086 -0.001903 0.998793 223.159592
0.998273 0.026610 -0.052382 -2.963816 -0.026489 0.999645 0.003004 -5.014096 0.052443 -0.001611 0.998623 224.049759
0.998086 0.027659 -0.055303 -3.012180 -0.027540 0.999616 0.002919 -5.035243 0.055363 -0.001390 0.998465 224.894882
0.997923 0.028117 -0.057953 -3.065939 -0.028037 0.999604 0.002187 -5.058618 0.057991 -0.000558 0.998317 225.733200
0.997733 0.029743 -0.060364 -3.126395 -0.029663 0.999557 0.002220 -5.081188 0.060403 -0.000424 0.998174 226.545319
0.997624 0.030995 -0.061530 -3.183804 -0.030903 0.999519 0.002453 -5.099054 0.061577 -0.000546 0.998102 227.338974
0.997613 0.031354 -0.061523 -3.233217 -0.031230 0.999508 0.002981 -5.119105 0.061587 -0.001053 0.998101 228.108414
0.997618 0.031678 -0.061274 -3.286649 -0.031543 0.999497 0.003173 -5.140358 0.061344 -0.001233 0.998116 228.873917
0.997632 0.031680 -0.061045 -3.336720 -0.031576 0.999498 0.002681 -5.160520 0.061099 -0.000747 0.998131 229.610138
0.997599 0.032098 -0.061367 -3.391989 -0.032092 0.999484 0.001090 -5.178802 0.061370 0.000882 0.998115 230.346176
0.997611 0.032360 -0.061031 -3.443785 -0.032475 0.999472 -0.000896 -5.194575 0.060970 0.002876 0.998135 231.073898
0.997689 0.032289 -0.059778 -3.495119 -0.032500 0.999468 -0.002560 -5.216653 0.059664 0.004497 0.998208 231.795319
0.997741 0.033212 -0.058403 -3.543690 -0.033454 0.999435 -0.003181 -5.232001 0.058264 0.005128 0.998288 232.517929
0.997837 0.033256 -0.056706 -3.585886 -0.033524 0.999431 -0.003776 -5.252638 0.056548 0.005669 0.998384 233.235931
0.997928 0.033342 -0.055024 -3.624632 -0.033604 0.999428 -0.003859 -5.276004 0.054863 0.005700 0.998478 233.956665
0.998018 0.033354 -0.053358 -3.666056 -0.033636 0.999424 -0.004408 -5.296308 0.053180 0.006194 0.998566 234.663971
0.998100 0.033910 -0.051446 -3.711355 -0.034185 0.999405 -0.004485 -5.321187 0.051264 0.006236 0.998666 235.366547
0.998218 0.034345 -0.048800 -3.749055 -0.034592 0.999393 -0.004225 -5.344347 0.048625 0.005906 0.998800 236.061249
0.998363 0.034274 -0.045788 -3.782638 -0.034497 0.999396 -0.004083 -5.362785 0.045620 0.005656 0.998943 236.757996
0.998519 0.033573 -0.042819 -3.816931 -0.033778 0.999421 -0.004070 -5.387137 0.042657 0.005510 0.999075 237.454971
0.998616 0.033823 -0.040272 -3.852288 -0.034018 0.999413 -0.004157 -5.413210 0.040108 0.005522 0.999180 238.156281
0.998733 0.033566 -0.037492 -3.886149 -0.033761 0.999419 -0.004580 -5.430851 0.037316 0.005840 0.999286 238.846741
0.998822 0.033691 -0.034924 -3.912350 -0.033884 0.999414 -0.004937 -5.450094 0.034737 0.006115 0.999378 239.536407
0.998880 0.034494 -0.032394 -3.943655 -0.034700 0.999381 -0.005814 -5.468249 0.032173 0.006931 0.999458 240.227600
0.998934 0.035002 -0.030086 -3.970446 -0.035217 0.999358 -0.006652 -5.487873 0.029834 0.007705 0.999525 240.919601
0.999003 0.035334 -0.027283 -3.992491 -0.035509 0.999352 -0.005942 -5.510419 0.027056 0.006905 0.999610 241.603485
0.999042 0.035812 -0.025160 -4.015103 -0.035972 0.999335 -0.005922 -5.528792 0.024931 0.006822 0.999666 242.302917
0.999101 0.035585 -0.023058 -4.038078 -0.035737 0.999342 -0.006204 -5.549530 0.022822 0.007022 0.999715 243.012314
0.999139 0.035624 -0.021253 -4.059427 -0.035788 0.999332 -0.007351 -5.570744 0.020977 0.008105 0.999747 243.728012
0.999158 0.035858 -0.019932 -4.077574 -0.036060 0.999301 -0.009842 -5.587940 0.019565 0.010553 0.999753 244.437317
0.999186 0.035314 -0.019485 -4.097442 -0.035541 0.999303 -0.011417 -5.605698 0.019069 0.012101 0.999745 245.159058
0.999189 0.035330 -0.019322 -4.115842 -0.035568 0.999294 -0.012119 -5.628835 0.018880 0.012796 0.999740 245.887787
0.999203 0.034909 -0.019351 -4.134631 -0.035159 0.999300 -0.012748 -5.652324 0.018893 0.013418 0.999731 246.625443
0.999177 0.035579 -0.019489 -4.158345 -0.035838 0.999272 -0.013106 -5.679224 0.019008 0.013793 0.999724 247.374466
0.999160 0.036328 -0.018983 -4.179979 -0.036598 0.999231 -0.014039 -5.697984 0.018459 0.014721 0.999721 248.111343
0.999168 0.035952 -0.019260 -4.196681 -0.036254 0.999222 -0.015537 -5.717450 0.018687 0.016222 0.999694 248.861115
0.999280 0.032840 -0.018990 -4.198258 -0.033173 0.999296 -0.017517 -5.744207 0.018401 0.018134 0.999666 249.610336
0.999335 0.031274 -0.018765 -4.208515 -0.031611 0.999339 -0.017936 -5.776089 0.018191 0.018518 0.999663 250.372131
0.999321 0.031984 -0.018299 -4.238435 -0.032251 0.999375 -0.014507 -5.805090 0.017823 0.015088 0.999727 251.168777
0.999184 0.036216 -0.017898 -4.275110 -0.036388 0.999294 -0.009357 -5.823351 0.017546 0.010000 0.999796 251.952072
0.999207 0.035955 -0.017078 -4.294743 -0.036071 0.999328 -0.006523 -5.846504 0.016832 0.007134 0.999833 252.744400
0.999301 0.033912 -0.015704 -4.302803 -0.034040 0.999389 -0.007918 -5.867970 0.015426 0.008447 0.999845 253.542862
0.999313 0.034888 -0.012500 -4.321019 -0.035060 0.999289 -0.013835 -5.883376 0.012009 0.014263 0.999826 254.317612
0.999261 0.037426 -0.008787 -4.344265 -0.037578 0.999136 -0.017741 -5.903979 0.008116 0.018058 0.999804 255.129608
0.999222 0.038985 -0.005930 -4.355119 -0.039089 0.999064 -0.018513 -5.931645 0.005203 0.018731 0.999811 255.963882
0.999240 0.038873 -0.002825 -4.359303 -0.038915 0.999104 -0.016639 -5.966073 0.002176 0.016737 0.999858 256.817596
0.999330 0.036603 -0.000243 -4.354452 -0.036603 0.999239 -0.013450 -6.000483 -0.000249 0.013450 0.999910 257.680786
0.999405 0.034425 0.002265 -4.344525 -0.034396 0.999341 -0.011595 -6.033864 -0.002663 0.011510 0.999930 258.529724
0.999411 0.033908 0.005366 -4.344589 -0.033847 0.999365 -0.011134 -6.066983 -0.005740 0.010946 0.999924 259.360992
0.999338 0.035468 0.008135 -4.352765 -0.035361 0.999290 -0.012980 -6.092876 -0.008589 0.012684 0.999883 260.193512
0.999288 0.036282 0.010297 -4.350572 -0.036126 0.999235 -0.014978 -6.120531 -0.010833 0.014596 0.999835 261.028046
0.999230 0.037076 0.012828 -4.347779 -0.036874 0.999198 -0.015599 -6.149454 -0.013396 0.015114 0.999796 261.861633
0.999153 0.037957 0.015891 -4.345074 -0.037733 0.999187 -0.014178 -6.176957 -0.016416 0.013567 0.999773 262.694489
0.999053 0.039186 0.018920 -4.341307 -0.038950 0.999161 -0.012693 -6.211825 -0.019401 0.011944 0.999740 263.534027
0.998953 0.040354 0.021549 -4.333296 -0.040085 0.999115 -0.012785 -6.240419 -0.022046 0.011908 0.999686 264.377502
0.998883 0.040525 0.024303 -4.322163 -0.040206 0.999100 -0.013496 -6.269772 -0.024828 0.012504 0.999614 265.212128
0.998839 0.040044 0.026785 -4.303442 -0.039685 0.999117 -0.013806 -6.299567 -0.027315 0.012727 0.999546 266.053772
0.998855 0.038230 0.028753 -4.279511 -0.037858 0.999193 -0.013402 -6.328315 -0.029242 0.012298 0.999497 266.900787
0.998866 0.036912 0.030057 -4.256701 -0.036526 0.999244 -0.013283 -6.362080 -0.030525 0.012170 0.999460 267.747589
0.998876 0.036463 0.030275 -4.232672 -0.036070 0.999259 -0.013442 -6.392123 -0.030743 0.012335 0.999451 268.597137
0.998861 0.036622 0.030582 -4.211899 -0.036217 0.999250 -0.013683 -6.415482 -0.031060 0.012560 0.999439 269.450500
0.998837 0.037174 0.030719 -4.191671 -0.036783 0.999236 -0.013211 -6.445704 -0.031187 0.012066 0.999441 270.298615
0.998840 0.037555 0.030137 -4.170877 -0.037186 0.999228 -0.012703 -6.474339 -0.030591 0.011567 0.999465 271.138885
0.998860 0.037895 0.029023 -4.149864 -0.037515 0.999204 -0.013551 -6.503087 -0.029514 0.012447 0.999487 271.973511
0.998896 0.037840 0.027823 -4.130963 -0.037446 0.999193 -0.014551 -6.533998 -0.028351 0.013493 0.999507 272.822052
0.998905 0.038637 0.026395 -4.118854 -0.038252 0.999156 -0.014968 -6.565191 -0.026951 0.013942 0.999539 273.666748
0.998918 0.039312 0.024830 -4.103405 -0.038931 0.999120 -0.015610 -6.595894 -0.025422 0.014626 0.999570 274.509399
0.998919 0.040188 0.023353 -4.092659 -0.039828 0.999084 -0.015674 -6.622384 -0.023961 0.014727 0.999604 275.356110
0.998943 0.040691 0.021366 -4.081951 -0.040368 0.999067 -0.015346 -6.649195 -0.021971 0.014467 0.999654 276.195160
0.998997 0.040676 0.018733 -4.071768 -0.040408 0.999078 -0.014488 -6.676688 -0.019305 0.013716 0.999720 277.039215
0.999110 0.039575 0.014589 -4.062169 -0.039393 0.999145 -0.012565 -6.704060 -0.015073 0.011979 0.999815 277.891907
0.999225 0.037951 0.010413 -4.053494 -0.037834 0.999221 -0.011207 -6.726687 -0.010831 0.010804 0.999883 278.712860
0.999274 0.037697 0.005521 -4.054041 -0.037641 0.999242 -0.009954 -6.751423 -0.005892 0.009739 0.999935 279.549591
0.999305 0.037258 0.000729 -4.061779 -0.037249 0.999261 -0.009454 -6.774769 -0.001080 0.009421 0.999955 280.371063
0.999304 0.037078 -0.004033 -4.068427 -0.037114 0.999270 -0.009036 -6.800382 0.003695 0.009179 0.999951 281.180817
0.999298 0.036524 -0.008347 -4.075725 -0.036598 0.999290 -0.008900 -6.827396 0.008016 0.009199 0.999926 281.967499
0.999259 0.036339 -0.012667 -4.084908 -0.036457 0.999293 -0.009159 -6.848666 0.012325 0.009614 0.999878 282.739288
0.999196 0.036503 -0.016592 -4.103316 -0.036658 0.999286 -0.009142 -6.870856 0.016246 0.009743 0.999821 283.494476
0.999096 0.037324 -0.020373 -4.129241 -0.037520 0.999252 -0.009339 -6.897127 0.020009 0.010095 0.999749 284.240356
0.999019 0.037394 -0.023710 -4.149940 -0.037619 0.999250 -0.009141 -6.924706 0.023350 0.010024 0.999677 284.961578
0.998933 0.036858 -0.027842 -4.169675 -0.037144 0.999262 -0.009815 -6.952137 0.027460 0.010839 0.999564 285.676361
0.998755 0.037832 -0.032504 -4.199645 -0.038195 0.999214 -0.010635 -6.978800 0.032076 0.011864 0.999415 286.367828
0.998486 0.039060 -0.038741 -4.236132 -0.039558 0.999143 -0.012188 -6.998332 0.038232 0.013702 0.999175 287.054626
0.998119 0.039344 -0.047021 -4.269905 -0.040032 0.999103 -0.013781 -7.017791 0.046437 0.015638 0.998799 287.719147
0.997570 0.039463 -0.057426 -4.312446 -0.040366 0.999077 -0.014656 -7.040832 0.056795 0.016938 0.998242 288.371582
0.996707 0.039780 -0.070658 -4.358639 -0.040934 0.999050 -0.014958 -7.063183 0.069996 0.017801 0.997388 289.015137
0.995383 0.040649 -0.086948 -4.414617 -0.042056 0.999011 -0.014415 -7.085953 0.086276 0.018005 0.996109 289.641815
0.993413 0.042706 -0.106334 -4.488207 -0.044348 0.998930 -0.013122 -7.106891 0.105660 0.017751 0.994244 290.262085
0.990756 0.044191 -0.128254 -4.568784 -0.046194 0.998852 -0.012686 -7.125741 0.127546 0.018493 0.991660 290.866241
0.987227 0.045648 -0.152642 -4.663154 -0.048029 0.998774 -0.011951 -7.145943 0.151909 0.019130 0.988209 291.433136
0.982637 0.047148 -0.179445 -4.762568 -0.049955 0.998689 -0.011154 -7.164956 0.178684 0.019925 0.983705 292.000916
0.976711 0.048453 -0.209017 -4.886948 -0.051540 0.998627 -0.009347 -7.179499 0.208277 0.019902 0.977867 292.553040
0.969143 0.048525 -0.241674 -5.014692 -0.051752 0.998635 -0.007021 -7.196770 0.241003 0.019312 0.970332 293.097382
0.959740 0.049073 -0.276571 -5.164352 -0.052351 0.998619 -0.004476 -7.215958 0.275970 0.018774 0.960983 293.619537
0.948413 0.050482 -0.312994 -5.332211 -0.053463 0.998569 -0.000944 -7.232142 0.312498 0.017629 0.949755 294.125549
0.935063 0.052143 -0.350624 -5.513354 -0.054801 0.998495 0.002343 -7.245396 0.350219 0.017024 0.936513 294.610840
0.919643 0.053076 -0.389152 -5.704963 -0.055257 0.998456 0.005595 -7.255814 0.388848 0.016358 0.921156 295.084900
0.901887 0.053575 -0.428637 -5.912311 -0.055128 0.998441 0.008800 -7.268395 0.428440 0.015694 0.903434 295.542114
0.881623 0.053306 -0.468935 -6.139053 -0.054298 0.998460 0.011416 -7.273619 0.468821 0.015398 0.883159 295.982880
0.858325 0.052576 -0.510406 -6.384834 -0.053006 0.998500 0.013717 -7.279792 0.510361 0.015281 0.859824 296.404602
0.832008 0.052145 -0.552307 -6.650720 -0.051570 0.998532 0.016589 -7.284321 0.552361 0.014680 0.833475 296.807678
0.802689 0.052397 -0.594092 -6.938854 -0.050618 0.998524 0.019675 -7.287224 0.594246 0.014279 0.804156 297.190308
0.770622 0.053473 -0.635045 -7.244492 -0.050807 0.998457 0.022420 -7.291979 0.635264 0.014988 0.772149 297.550262
0.735215 0.053109 -0.675750 -7.562286 -0.049446 0.998472 0.024675 -7.290032 0.676028 0.015272 0.736718 297.903015
0.695806 0.052122 -0.716336 -7.899443 -0.045934 0.998551 0.028039 -7.278531 0.716759 0.013394 0.697192 298.235474
0.652234 0.051323 -0.756278 -8.246319 -0.040541 0.998639 0.032806 -7.272102 0.756932 0.009264 0.653427 298.552521
0.603875 0.052099 -0.795375 -8.613935 -0.036288 0.998624 0.037861 -7.268635 0.796253 0.005999 0.604935 298.843689
0.552180 0.055428 -0.831881 -8.990137 -0.036167 0.998441 0.042519 -7.275422 0.832940 0.006608 0.553323 299.085297
0.498392 0.060653 -0.864828 -9.387913 -0.039896 0.998097 0.047008 -7.273685 0.866033 0.011074 0.499864 299.282471
0.442586 0.063671 -0.894463 -9.780734 -0.041437 0.997863 0.050528 -7.256666 0.895768 0.014701 0.444278 299.457367
0.384992 0.065298 -0.920607 -10.174369 -0.041161 0.997716 0.053554 -7.241455 0.922002 0.017275 0.386801 299.600403
0.326655 0.066649 -0.942791 -10.564863 -0.038927 0.997613 0.057037 -7.222700 0.944342 0.018068 0.328469 299.733826
0.267083 0.068866 -0.961210 -10.966309 -0.035756 0.997465 0.061528 -7.208533 0.963010 0.017936 0.268869 299.823242
0.206948 0.071192 -0.975758 -11.369569 -0.032670 0.997296 0.065835 -7.188914 0.977806 0.018253 0.208714 299.899139
0.144426 0.073489 -0.986783 -11.792663 -0.029065 0.997123 0.070005 -7.176702 0.989089 0.018571 0.146146 299.943176
0.079673 0.076211 -0.993903 -12.220138 -0.027039 0.996871 0.074271 -7.150548 0.996454 0.020956 0.081484 299.946289
0.014054 0.079750 -0.996716 -12.665421 -0.023515 0.996565 0.079406 -7.122717 0.999625 0.022322 0.015881 299.922363
-0.052965 0.084065 -0.995052 -13.118832 -0.020207 0.996156 0.085234 -7.088962 0.998392 0.024622 -0.051063 299.872650
-0.120393 0.087976 -0.988820 -13.578779 -0.016311 0.995756 0.090579 -7.056369 0.992592 0.027034 -0.118447 299.795563
-0.187360 0.091624 -0.978009 -14.038269 -0.012126 0.995349 0.095571 -7.019983 0.982216 0.029766 -0.185378 299.686584
-0.253224 0.095041 -0.962728 -14.499059 -0.006652 0.994968 0.099973 -6.978655 0.967385 0.031719 -0.251317 299.556885
-0.317460 0.097305 -0.943266 -14.963446 -0.000977 0.994687 0.102938 -6.938016 0.948271 0.033601 -0.315679 299.384766
-0.378974 0.098490 -0.920151 -15.418958 0.004617 0.994509 0.104547 -6.897328 0.925396 0.035372 -0.377348 299.199249
-0.437765 0.098263 -0.893704 -15.868934 0.010112 0.994485 0.104390 -6.855676 0.899033 0.036662 -0.436344 298.966461
-0.493071 0.097599 -0.864497 -16.315378 0.015022 0.994494 0.103708 -6.807919 0.869859 0.038149 -0.491823 298.692688
-0.544135 0.096686 -0.833408 -16.755356 0.019278 0.994516 0.102790 -6.758573 0.838776 0.039865 -0.543015 298.393890
-0.590228 0.095982 -0.801510 -17.196938 0.022998 0.994502 0.102158 -6.710323 0.806909 0.041863 -0.589190 298.063202
-0.630790 0.095705 -0.770029 -17.642498 0.026062 0.994418 0.102244 -6.658903 0.775516 0.044426 -0.629763 297.693359
-0.667689 0.097288 -0.738056 -18.110332 0.031599 0.994234 0.102470 -6.595294 0.743770 0.045096 -0.666913 297.289886
-0.703147 0.101696 -0.703735 -18.587988 0.039627 0.993786 0.104017 -6.538298 0.709940 0.045252 -0.702807 296.841766
-0.737407 0.105532 -0.667153 -19.052824 0.046790 0.993327 0.105410 -6.482352 0.673826 0.046514 -0.737425 296.365814
-0.769287 0.107542 -0.629788 -19.500929 0.052307 0.993024 0.105675 -6.430354 0.636759 0.048352 -0.769545 295.831665
-0.798503 0.105475 -0.592679 -19.919895 0.055268 0.993218 0.102294 -6.368203 0.599449 0.048925 -0.798917 295.262604
-0.824774 0.102538 -0.556088 -20.331547 0.058021 0.993577 0.097151 -6.308782 0.562477 0.047863 -0.825426 294.659729
-0.848871 0.098515 -0.519339 -20.719282 0.059679 0.994059 0.091021 -6.239100 0.525221 0.046271 -0.849707 294.016754
-0.870613 0.095841 -0.482542 -21.096087 0.061623 0.994360 0.086315 -6.181704 0.488094 0.045411 -0.871609 293.329773
-0.890234 0.093885 -0.445722 -21.461441 0.062797 0.994481 0.084051 -6.118891 0.451153 0.046835 -0.891217 292.605316
-0.908345 0.091778 -0.408027 -21.811462 0.063490 0.994577 0.082371 -6.064499 0.413374 0.048916 -0.909247 291.845703
-0.924849 0.090156 -0.369494 -22.137959 0.065246 0.994706 0.079395 -6.001484 0.374696 0.049320 -0.925835 291.049225
-0.939735 0.090962 -0.329581 -22.454163 0.069102 0.994597 0.077470 -5.939712 0.334847 0.050027 -0.940944 290.223724
-0.952521 0.092634 -0.290039 -22.742849 0.073399 0.994362 0.076532 -5.888882 0.295493 0.051610 -0.953950 289.354767
-0.963651 0.092601 -0.250603 -22.991621 0.075797 0.994229 0.075915 -5.822110 0.256187 0.054161 -0.965109 288.449615
-0.972461 0.094249 -0.213158 -23.219709 0.079884 0.993975 0.075046 -5.768645 0.218947 0.055951 -0.974131 287.526550
-0.979869 0.094011 -0.176120 -23.410135 0.082212 0.993927 0.073150 -5.713224 0.181927 0.057198 -0.981647 286.582184
-0.985620 0.093214 -0.140940 -23.565506 0.084246 0.994100 0.068321 -5.646554 0.146476 0.055465 -0.987658 285.607788
-0.990004 0.091870 -0.107013 -23.686541 0.085389 0.994312 0.063657 -5.590748 0.112252 0.053883 -0.992218 284.603943
-0.993115 0.090169 -0.074779 -23.777470 0.085666 0.994431 0.061381 -5.534782 0.079897 0.054553 -0.995309 283.563843
-0.995144 0.088289 -0.043513 -23.833511 0.085621 0.994533 0.059774 -5.480329 0.048553 0.055758 -0.997263 282.494049
-0.996116 0.086910 -0.014142 -23.862082 0.085968 0.994647 0.057333 -5.425140 0.019049 0.055894 -0.998255 281.406708
-0.996185 0.086241 0.013369 -23.859007 0.086858 0.994658 0.055774 -5.378454 -0.008488 0.056722 -0.998354 280.287567
-0.995666 0.084441 0.038985 -23.813465 0.086523 0.994718 0.055230 -5.327808 -0.034115 0.058364 -0.997712 279.132874
-0.994623 0.082395 0.062732 -23.747437 0.085853 0.994812 0.054577 -5.277195 -0.057910 0.059669 -0.996537 277.957733
-0.993279 0.079695 0.083941 -23.656782 0.084272 0.995060 0.052472 -5.232027 -0.079345 0.059193 -0.995088 276.774475
-0.992061 0.075210 0.100792 -23.528534 0.080515 0.995516 0.049643 -5.190971 -0.096606 0.057364 -0.993668 275.591431
-0.991041 0.070765 0.113271 -23.380001 0.076615 0.995898 0.048148 -5.147300 -0.109399 0.056395 -0.992397 274.392517
-0.990346 0.067125 0.121279 -23.221699 0.073551 0.996072 0.049303 -5.102322 -0.117493 0.057748 -0.991393 273.191437
-0.989987 0.064249 0.125691 -23.053156 0.071012 0.996217 0.050083 -5.055861 -0.121998 0.058507 -0.990804 271.960632
-0.989961 0.063038 0.126505 -22.880686 0.069755 0.996341 0.049387 -5.013619 -0.122929 0.057715 -0.990736 270.722778
-0.990298 0.060655 0.125022 -22.701038 0.067161 0.996563 0.048492 -4.968936 -0.121651 0.056419 -0.990968 269.446411
-0.990641 0.059429 0.122877 -22.525253 0.065898 0.996609 0.049269 -4.920860 -0.119532 0.056905 -0.991198 268.153931
-0.990910 0.058761 0.121017 -22.352148 0.065215 0.996614 0.050079 -4.875812 -0.117664 0.057516 -0.991386 266.849731
