1.000000 0.000000 0.000000 0.000000 0.000000 1.000000 0.000000 0.000000 0.000000 0.000000 1.000000 0.000000
0.999997 0.001160 0.002253 -0.012134 -0.001159 0.999999 -0.000350 -0.024556 -0.002253 0.000348 0.999997 0.862505
0.999991 0.001587 0.003962 -0.029213 -0.001587 0.999999 -0.000032 -0.052109 -0.003962 0.000026 0.999992 2.111190
0.999988 0.001030 0.004752 -0.030280 -0.001032 0.999999 0.000555 -0.080355 -0.004751 -0.000560 0.999989 3.373096
0.999984 0.000967 0.005537 -0.035284 -0.000970 0.999999 0.000572 -0.111493 -0.005536 -0.000577 0.999985 4.589555
0.999979 0.000901 0.006347 -0.035987 -0.000905 0.999999 0.000590 -0.135749 -0.006347 -0.000596 0.999980 5.788631
0.999974 0.000770 0.007138 -0.040848 -0.000770 1.000000 0.000009 -0.167466 -0.007138 -0.000015 0.999975 6.990761
0.999970 0.001205 0.007687 -0.039248 -0.001203 0.999999 -0.000262 -0.194426 -0.007687 0.000253 0.999970 8.190450
0.999967 0.000921 0.008065 -0.036379 -0.000930 0.999999 0.001081 -0.225592 -0.008064 -0.001088 0.999967 9.396453
0.999975 0.000329 0.007092 -0.032304 -0.000345 0.999997 0.002203 -0.250302 -0.007091 -0.002205 0.999972 10.599767
0.999989 -0.000951 0.004691 -0.029960 0.000942 0.999998 0.001935 -0.277064 -0.004693 -0.001931 0.999987 11.799976
0.999997 -0.000664 0.002496 -0.030710 0.000660 0.999999 0.001514 -0.305190 -0.002497 -0.001513 0.999996 12.988420
0.999999 -0.000607 0.001078 -0.036810 0.000605 0.999999 0.001521 -0.334620 -0.001079 -0.001521 0.999998 14.183540
1.000000 0.000917 0.000211 -0.040928 -0.000918 0.999999 0.001477 -0.358346 -0.000210 -0.001477 0.999999 15.380095
1.000000 0.000774 -0.000352 -0.047521 -0.000774 0.999999 0.001561 -0.382480 0.000353 -0.001560 0.999999 16.571880
1.000000 0.000408 -0.000907 -0.050975 -0.000406 0.999998 0.002011 -0.410625 0.000908 -0.002010 0.999998 17.771767
0.999999 -0.000005 -0.001354 -0.054932 0.000008 0.999997 0.002358 -0.434370 0.001354 -0.002358 0.999996 18.967630
0.999998 -0.000294 -0.001877 -0.059971 0.000297 0.999998 0.001845 -0.458696 0.001877 -0.001846 0.999997 20.160818
0.999997 0.000060 -0.002528 -0.068755 -0.000058 1.000000 0.000956 -0.485206 0.002528 -0.000955 0.999996 21.354465
0.999995 0.000606 -0.003212 -0.084787 -0.000602 0.999999 0.001398 -0.510792 0.003213 -0.001396 0.999994 22.553078
0.999992 0.000456 -0.003976 -0.096066 -0.000451 0.999999 0.001363 -0.534905 0.003976 -0.001362 0.999991 23.750813
0.999988 0.000718 -0.004780 -0.107532 -0.000714 0.999999 0.000816 -0.564511 0.004780 -0.000812 0.999988 24.948925
0.999982 0.001434 -0.005771 -0.124492 -0.001426 0.999998 0.001352 -0.591493 0.005773 -0.001344 0.999982 26.153118
0.999977 0.000609 -0.006695 -0.135272 -0.000590 0.999996 0.002838 -0.613104 0.006697 -0.002834 0.999974 27.358461
0.999971 -0.000715 -0.007570 -0.143345 0.000741 0.999994 0.003443 -0.640637 0.007568 -0.003448 0.999965 28.556101
0.999965 -0.001159 -0.008243 -0.153894 0.001182 0.999995 0.002765 -0.663271 0.008240 -0.002775 0.999962 29.749634
0.999956 -0.001112 -0.009297 -0.172086 0.001130 0.999998 0.001894 -0.690703 0.009294 -0.001905 0.999955 30.944860
0.999950 -0.000953 -0.009910 -0.187291 0.000971 0.999998 0.001772 -0.714036 0.009908 -0.001781 0.999949 32.138329
0.999942 -0.000960 -0.010686 -0.206716 0.000984 0.999997 0.002245 -0.739460 0.010683 -0.002256 0.999940 33.343048
0.999936 -0.001532 -0.011216 -0.222131 0.001561 0.999995 0.002609 -0.761785 0.011212 -0.002626 0.999934 34.537796
0.999928 -0.002184 -0.011765 -0.240263 0.002215 0.999994 0.002592 -0.789624 0.011759 -0.002618 0.999927 35.737038
0.999921 -0.002099 -0.012374 -0.256822 0.002133 0.999994 0.002668 -0.813658 0.012368 -0.002694 0.999920 36.941177
0.999917 -0.002742 -0.012561 -0.276219 0.002784 0.999991 0.003350 -0.837328 0.012551 -0.003385 0.999915 38.143967
0.999921 -0.002459 -0.012339 -0.298725 0.002515 0.999987 0.004496 -0.860809 0.012327 -0.004527 0.999914 39.343395
0.999919 -0.002473 -0.012499 -0.316441 0.002542 0.999981 0.005531 -0.884196 0.012485 -0.005563 0.999907 40.547390
0.999921 -0.001765 -0.012464 -0.343197 0.001834 0.999983 0.005538 -0.907927 0.012454 -0.005561 0.999907 41.747589
0.999925 -0.000547 -0.012241 -0.369548 0.000614 0.999985 0.005446 -0.931913 0.012238 -0.005453 0.999910 42.944855
0.999929 0.002096 -0.011748 -0.394525 -0.002014 0.999974 0.006989 -0.950077 0.011762 -0.006965 0.999907 44.150333
0.999944 0.002673 -0.010272 -0.410134 -0.002572 0.999949 0.009779 -0.968025 0.010298 -0.009752 0.999899 45.355324
0.999956 0.003307 -0.008799 -0.436438 -0.003194 0.999913 0.012801 -0.982398 0.008841 -0.012772 0.999879 46.571136
0.999968 0.003556 -0.007185 -0.453056 -0.003441 0.999866 0.015975 -0.993233 0.007241 -0.015950 0.999847 47.792034
0.999979 0.002707 -0.005880 -0.468329 -0.002601 0.999837 0.017877 -1.002735 0.005927 -0.017862 0.999823 49.002174
0.999990 0.000970 -0.004391 -0.473933 -0.000896 0.999858 0.016848 -1.009242 0.004406 -0.016844 0.999848 50.200027
0.999994 0.001544 -0.003249 -0.484341 -0.001494 0.999880 0.015394 -1.024931 0.003273 -0.015389 0.999876 51.406990
0.999994 0.002100 -0.002589 -0.502416 -0.002062 0.999890 0.014670 -1.022326 0.002620 -0.014665 0.999889 52.609398
0.999996 0.001542 -0.002360 -0.505931 -0.001508 0.999894 0.014466 -1.035159 0.002382 -0.014462 0.999893 53.821800
0.999994 0.001140 -0.003120 -0.513940 -0.001097 0.999907 0.013627 -1.049469 0.003135 -0.013623 0.999902 55.036640
0.999988 0.001833 -0.004467 -0.529781 -0.001772 0.999905 0.013684 -1.054743 0.004492 -0.013675 0.999896 56.242107
0.999981 0.001664 -0.005922 -0.541103 -0.001575 0.999888 0.014907 -1.068536 0.005946 -0.014897 0.999871 57.458698
0.999974 0.001597 -0.007086 -0.550952 -0.001486 0.999878 0.015570 -1.077342 0.007110 -0.015559 0.999854 58.668648
0.999966 0.002114 -0.008011 -0.575337 -0.001989 0.999877 0.015548 -1.090838 0.008043 -0.015531 0.999847 59.877544
0.999959 0.002788 -0.008668 -0.592964 -0.002654 0.999879 0.015339 -1.099865 0.008710 -0.015316 0.999845 61.092403
0.999958 0.001894 -0.008970 -0.600502 -0.001761 0.999888 0.014879 -1.105883 0.008997 -0.014862 0.999849 62.291161
0.999959 0.000893 -0.009062 -0.617278 -0.000763 0.999898 0.014260 -1.119474 0.009074 -0.014252 0.999857 63.491901
0.999955 0.001259 -0.009424 -0.633258 -0.001118 0.999887 0.014962 -1.134176 0.009442 -0.014951 0.999844 64.695923
0.999952 0.000864 -0.009752 -0.647714 -0.000701 0.999861 0.016658 -1.141291 0.009765 -0.016650 0.999814 65.904396
0.999950 0.000391 -0.010029 -0.661726 -0.000230 0.999872 0.016013 -1.154398 0.010034 -0.016010 0.999821 67.106575
0.999946 0.002358 -0.010121 -0.687776 -0.002208 0.999888 0.014803 -1.165443 0.010155 -0.014779 0.999839 68.303947
0.999936 0.004807 -0.010235 -0.714618 -0.004654 0.999878 0.014914 -1.177125 0.010305 -0.014866 0.999836 69.499245
0.999927 0.006298 -0.010348 -0.735831 -0.006139 0.999864 0.015307 -1.187384 0.010443 -0.015242 0.999829 70.689392
0.999915 0.008326 -0.010075 -0.768467 -0.008169 0.999846 0.015538 -1.194771 0.010203 -0.015455 0.999829 71.888893
0.999919 0.008844 -0.009120 -0.793264 -0.008692 0.999826 0.016500 -1.207039 0.009264 -0.016419 0.999822 73.075737
0.999922 0.010287 -0.007148 -0.812885 -0.010161 0.999798 0.017366 -1.213446 0.007325 -0.017292 0.999824 74.261871
0.999951 0.008661 -0.004690 -0.828362 -0.008584 0.999833 0.016143 -1.214476 0.004829 -0.016102 0.999859 75.444511
0.999980 0.005846 -0.002302 -0.829567 -0.005819 0.999914 0.011773 -1.234199 0.002370 -0.011759 0.999928 76.610931
0.999974 0.007162 0.000051 -0.850531 -0.007162 0.999920 0.010385 -1.247821 0.000023 -0.010385 0.999946 77.796638
0.999970 0.007115 0.003069 -0.849293 -0.007155 0.999888 0.013171 -1.256201 -0.002975 -0.013193 0.999909 78.967400
0.999964 0.005958 0.006032 -0.860599 -0.006050 0.999865 0.015306 -1.273096 -0.005940 -0.015342 0.999865 80.140388
0.999929 0.006805 0.009815 -0.859046 -0.006944 0.999875 0.014222 -1.279433 -0.009717 -0.014290 0.999851 81.308601
0.999894 0.005507 0.013468 -0.854281 -0.005663 0.999918 0.011519 -1.290621 -0.013404 -0.011594 0.999843 82.468254
0.999848 0.005060 0.016694 -0.847189 -0.005198 0.999953 0.008231 -1.308758 -0.016652 -0.008316 0.999827 83.627296
0.999789 0.004345 0.020062 -0.832302 -0.004489 0.999965 0.007113 -1.329960 -0.020031 -0.007202 0.999773 84.782761
0.999712 0.003888 0.023691 -0.813742 -0.004090 0.999956 0.008482 -1.344745 -0.023657 -0.008576 0.999683 85.941978
0.999620 0.004381 0.027209 -0.789507 -0.004637 0.999946 0.009339 -1.360548 -0.027167 -0.009461 0.999586 87.103065
0.999514 0.004093 0.030919 -0.771128 -0.004334 0.999961 0.007734 -1.376786 -0.030886 -0.007864 0.999492 88.250824
0.999400 0.004106 0.034390 -0.737503 -0.004302 0.999975 0.005628 -1.396254 -0.034366 -0.005772 0.999393 89.391724
0.999283 0.004542 0.037597 -0.701517 -0.004742 0.999975 0.005224 -1.414786 -0.037572 -0.005398 0.999279 90.541649
0.999179 0.003011 0.040406 -0.655057 -0.003263 0.999976 0.006169 -1.430107 -0.040387 -0.006296 0.999164 91.701340
0.999069 0.002570 0.043067 -0.616266 -0.002902 0.999967 0.007643 -1.449446 -0.043046 -0.007760 0.999043 92.857147
0.998960 0.001800 0.045563 -0.565884 -0.002233 0.999953 0.009459 -1.465777 -0.045544 -0.009551 0.998917 94.018768
0.998848 0.000153 0.047977 -0.519362 -0.000658 0.999945 0.010516 -1.478524 -0.047973 -0.010535 0.998793 95.184341
0.998738 -0.000856 0.050213 -0.463121 0.000389 0.999957 0.009304 -1.503557 -0.050219 -0.009273 0.998695 96.339958
0.998622 -0.002326 0.052429 -0.407832 0.002014 0.999980 0.006004 -1.518072 -0.052442 -0.005890 0.998607 97.489258
0.998514 -0.001779 0.054467 -0.352381 0.001602 0.999993 0.003291 -1.536827 -0.054472 -0.003199 0.998510 98.649025
0.998420 -0.001909 0.056163 -0.295671 0.001792 0.999996 0.002133 -1.551706 -0.056167 -0.002029 0.998419 99.824486
0.998385 -0.001584 0.056789 -0.241988 0.001444 0.999996 0.002499 -1.570372 -0.056793 -0.002413 0.998383 101.000839
0.998417 -0.001477 0.056225 -0.184266 0.001241 0.999990 0.004231 -1.589313 -0.056231 -0.004155 0.998409 102.181396
0.998495 -0.001965 0.054810 -0.127672 0.001646 0.999981 0.005866 -1.610635 -0.054821 -0.005767 0.998480 103.374771
0.998594 -0.001875 0.052969 -0.071563 0.001510 0.999975 0.006930 -1.629295 -0.052981 -0.006841 0.998572 104.567749
0.998726 -0.001807 0.050420 -0.018741 0.001428 0.999970 0.007544 -1.647933 -0.050432 -0.007462 0.998700 105.775597
0.998874 -0.000989 0.047440 0.034718 0.000629 0.999971 0.007586 -1.664490 -0.047446 -0.007548 0.998845 106.982315
0.999042 0.000186 0.043758 0.076444 -0.000508 0.999973 0.007344 -1.681409 -0.043755 -0.007359 0.999015 108.188988
0.999208 0.000362 0.039797 0.119220 -0.000658 0.999972 0.007423 -1.696234 -0.039794 -0.007443 0.999180 109.400604
0.999363 0.001111 0.035669 0.154196 -0.001412 0.999964 0.008400 -1.708147 -0.035658 -0.008445 0.999328 110.622765
0.999510 0.001291 0.031282 0.191515 -0.001585 0.999955 0.009404 -1.728627 -0.031268 -0.009449 0.999466 111.851196
0.999641 0.001492 0.026747 0.219262 -0.001762 0.999948 0.010058 -1.742309 -0.026731 -0.010102 0.999592 113.070496
0.999756 0.001947 0.022003 0.241434 -0.002179 0.999942 0.010529 -1.760945 -0.021981 -0.010575 0.999702 114.294128
0.999851 0.002623 0.017048 0.254641 -0.002801 0.999941 0.010463 -1.772243 -0.017019 -0.010509 0.999800 115.518799
0.999923 0.003327 0.011982 0.263298 -0.003450 0.999941 0.010261 -1.786999 -0.011947 -0.010302 0.999876 116.744102
0.999965 0.004287 0.007223 0.263166 -0.004358 0.999941 0.009900 -1.804424 -0.007180 -0.009931 0.999925 117.969727
0.999977 0.005859 0.003462 0.253177 -0.005892 0.999936 0.009664 -1.822764 -0.003405 -0.009684 0.999947 119.193710
0.999968 0.007931 0.001002 0.242807 -0.007941 0.999920 0.009799 -1.830732 -0.000924 -0.009806 0.999951 120.423973
0.999959 0.009030 -0.000300 0.227596 -0.009027 0.999911 0.009846 -1.847996 0.000389 -0.009843 0.999951 121.657356
0.999938 0.011068 -0.001324 0.212356 -0.011054 0.999888 0.010108 -1.867340 0.001436 -0.010093 0.999948 122.896927
0.999918 0.012583 -0.002536 0.198996 -0.012555 0.999864 0.010739 -1.873286 0.002671 -0.010707 0.999939 124.141647
0.999910 0.013038 -0.003281 0.185847 -0.012999 0.999850 0.011468 -1.892729 0.003430 -0.011424 0.999929 125.386116
0.999864 0.016021 -0.004011 0.158103 -0.015966 0.999782 0.013428 -1.910607 0.004225 -0.013362 0.999902 126.641396
0.999832 0.017726 -0.004720 0.145962 -0.017648 0.999717 0.015975 -1.902078 0.005002 -0.015889 0.999861 127.897438
0.999858 0.015872 -0.005598 0.133174 -0.015778 0.999740 0.016474 -1.914134 0.005858 -0.016383 0.999849 129.150269
0.999857 0.015817 -0.005929 0.121308 -0.015725 0.999759 0.015309 -1.925514 0.006169 -0.015214 0.999865 130.395798
0.999876 0.014188 -0.006787 0.117546 -0.014081 0.999779 0.015587 -1.921914 0.007006 -0.015490 0.999855 131.655060
0.999906 0.011284 -0.007828 0.112301 -0.011145 0.999783 0.017624 -1.937893 0.008025 -0.017535 0.999814 132.920151
0.999927 0.008695 -0.008343 0.098727 -0.008531 0.999774 0.019487 -1.938021 0.008511 -0.019414 0.999775 134.194855
0.999944 0.006137 -0.008608 0.089666 -0.005957 0.999766 0.020791 -1.941572 0.008734 -0.020738 0.999747 135.459641
0.999962 0.002290 -0.008366 0.092569 -0.002126 0.999806 0.019596 -1.949283 0.008409 -0.019577 0.999773 136.718307
0.999963 -0.000015 -0.008550 0.081075 0.000174 0.999827 0.018615 -1.947091 0.008548 -0.018616 0.999790 137.986359
0.999963 -0.001964 -0.008368 0.074011 0.002119 0.999825 0.018588 -1.960772 0.008330 -0.018605 0.999792 139.263519
0.999965 -0.002060 -0.008157 0.052983 0.002214 0.999819 0.018909 -1.963998 0.008116 -0.018926 0.999788 140.538467
0.999970 -0.001354 -0.007688 0.037784 0.001512 0.999785 0.020690 -1.972934 0.007659 -0.020701 0.999756 141.817917
0.999976 0.000471 -0.006862 0.013363 -0.000316 0.999746 0.022553 -1.970444 0.006871 -0.022550 0.999722 143.090256
0.999980 0.000132 -0.006300 -0.002833 0.000003 0.999768 0.021547 -1.976256 0.006302 -0.021547 0.999748 144.364655
0.999983 0.001001 -0.005666 -0.014924 -0.000890 0.999806 0.019660 -1.974044 0.005685 -0.019655 0.999791 145.642929
0.999986 0.000689 -0.005337 -0.027017 -0.000596 0.999847 0.017460 -1.978344 0.005348 -0.017456 0.999833 146.907974
0.999987 -0.000644 -0.005074 -0.035245 0.000714 0.999904 0.013849 -1.989015 0.005065 -0.013852 0.999891 148.178146
0.999990 -0.000254 -0.004570 -0.043850 0.000301 0.999947 0.010254 -2.001667 0.004567 -0.010256 0.999937 149.437897
0.999990 -0.000322 -0.004490 -0.053968 0.000364 0.999957 0.009271 -2.018741 0.004487 -0.009272 0.999947 150.710464
0.999990 -0.000138 -0.004481 -0.061351 0.000181 0.999954 0.009588 -2.039311 0.004479 -0.009589 0.999944 151.981796
0.999989 0.000550 -0.004615 -0.074326 -0.000503 0.999949 0.010120 -2.057993 0.004620 -0.010117 0.999938 153.250809
0.999988 0.001119 -0.004662 -0.082400 -0.001066 0.999937 0.011200 -2.077496 0.004675 -0.011195 0.999926 154.521225
0.999986 0.001610 -0.005023 -0.102169 -0.001551 0.999930 0.011706 -2.090515 0.005041 -0.011698 0.999919 155.789871
0.999984 0.001641 -0.005474 -0.112118 -0.001577 0.999931 0.011612 -2.106253 0.005493 -0.011603 0.999918 157.056244
0.999978 0.002019 -0.006397 -0.124809 -0.001942 0.999926 0.011989 -2.121403 0.006421 -0.011976 0.999908 158.321335
0.999974 0.002012 -0.006994 -0.138519 -0.001921 0.999914 0.013007 -2.133653 0.007020 -0.012993 0.999891 159.593796
0.999969 0.002120 -0.007646 -0.158031 -0.002015 0.999905 0.013640 -2.147462 0.007674 -0.013625 0.999878 160.863052
0.999962 0.002345 -0.008350 -0.174899 -0.002237 0.999914 0.012925 -2.163849 0.008379 -0.012906 0.999882 162.124908
0.999954 0.002931 -0.009152 -0.195954 -0.002822 0.999925 0.011933 -2.176152 0.009186 -0.011907 0.999887 163.392517
0.999946 0.003721 -0.009732 -0.222109 -0.003607 0.999925 0.011735 -2.186135 0.009775 -0.011700 0.999884 164.653778
0.999937 0.003181 -0.010780 -0.234490 -0.003062 0.999934 0.011098 -2.199806 0.010814 -0.011065 0.999880 165.915604
0.999929 0.003621 -0.011359 -0.257590 -0.003504 0.999941 0.010325 -2.219608 0.011396 -0.010285 0.999882 167.175949
0.999917 0.004102 -0.012202 -0.281147 -0.003974 0.999937 0.010513 -2.233179 0.012245 -0.010464 0.999870 168.443329
0.999905 0.004285 -0.013078 -0.302137 -0.004132 0.999923 0.011745 -2.250338 0.013128 -0.011690 0.999846 169.725983
0.999895 0.004246 -0.013881 -0.325425 -0.004076 0.999917 0.012248 -2.262806 0.013932 -0.012190 0.999829 170.987564
0.999881 0.004792 -0.014648 -0.351132 -0.004605 0.999908 0.012791 -2.277705 0.014708 -0.012722 0.999811 172.259506
0.999871 0.004811 -0.015295 -0.374190 -0.004610 0.999904 0.013105 -2.292114 0.015356 -0.013033 0.999797 173.525238
0.999859 0.005024 -0.016050 -0.405464 -0.004822 0.999909 0.012572 -2.301395 0.016112 -0.012493 0.999792 174.790771
0.999846 0.006099 -0.016468 -0.435977 -0.005899 0.999908 0.012181 -2.319286 0.016541 -0.012082 0.999790 176.052979
0.999839 0.006202 -0.016852 -0.466880 -0.005994 0.999905 0.012383 -2.330181 0.016927 -0.012280 0.999781 177.320007
0.999832 0.005571 -0.017471 -0.487942 -0.005372 0.999920 0.011417 -2.341762 0.017533 -0.011322 0.999782 178.588516
0.999834 0.004769 -0.017593 -0.509665 -0.004589 0.999937 0.010230 -2.354275 0.017641 -0.010148 0.999793 179.844910
0.999840 0.002277 -0.017732 -0.530071 -0.002095 0.999945 0.010246 -2.379065 0.017754 -0.010207 0.999790 181.115128
0.999832 0.003311 -0.018036 -0.560427 -0.003068 0.999904 0.013488 -2.396818 0.018079 -0.013431 0.999746 182.378784
0.999831 0.002213 -0.018231 -0.590766 -0.001889 0.999840 0.017774 -2.407108 0.018267 -0.017737 0.999676 183.650101
0.999830 0.001616 -0.018393 -0.612869 -0.001279 0.999831 0.018321 -2.415820 0.018419 -0.018294 0.999663 184.920349
0.999828 0.003010 -0.018305 -0.648636 -0.002729 0.999878 0.015363 -2.426424 0.018349 -0.015311 0.999714 186.164230
0.999817 0.004191 -0.018638 -0.683190 -0.003939 0.999901 0.013532 -2.436371 0.018693 -0.013456 0.999735 187.410019
0.999819 0.004178 -0.018561 -0.717813 -0.003927 0.999901 0.013534 -2.451261 0.018616 -0.013459 0.999736 188.650757
0.999822 0.004292 -0.018374 -0.750070 -0.004023 0.999885 0.014620 -2.464776 0.018435 -0.014543 0.999724 189.897690
0.999826 0.004371 -0.018150 -0.784265 -0.004069 0.999853 0.016629 -2.475797 0.018220 -0.016552 0.999697 191.146729
0.999836 0.003643 -0.017727 -0.805451 -0.003329 0.999837 0.017728 -2.489648 0.017788 -0.017666 0.999686 192.392227
0.999858 0.003274 -0.016542 -0.834352 -0.002983 0.999841 0.017590 -2.494687 0.016597 -0.017538 0.999708 193.622208
0.999885 0.001885 -0.015059 -0.862821 -0.001640 0.999866 0.016266 -2.508349 0.015088 -0.016239 0.999754 194.851273
0.999903 0.002285 -0.013764 -0.882944 -0.002079 0.999886 0.014985 -2.516516 0.013796 -0.014955 0.999793 196.074982
0.999920 0.001686 -0.012505 -0.900365 -0.001504 0.999894 0.014500 -2.532025 0.012529 -0.014480 0.999817 197.295486
0.999933 0.002022 -0.011360 -0.922544 -0.001849 0.999882 0.015254 -2.546056 0.011389 -0.015232 0.999819 198.521637
0.999951 0.001355 -0.009815 -0.943680 -0.001188 0.999855 0.017017 -2.555771 0.009837 -0.017004 0.999807 199.739151
0.999961 0.001541 -0.008716 -0.960376 -0.001385 0.999839 0.017876 -2.570174 0.008742 -0.017863 0.999802 200.952408
0.999969 0.001827 -0.007606 -0.990657 -0.001692 0.999842 0.017676 -2.576471 0.007637 -0.017663 0.999815 202.155167
0.999975 0.002083 -0.006709 -0.999778 -0.001961 0.999834 0.018095 -2.589302 0.006746 -0.018081 0.999814 203.357712
0.999981 0.002036 -0.005751 -1.014042 -0.001930 0.999828 0.018439 -2.597612 0.005787 -0.018427 0.999813 204.546616
0.999986 0.002334 -0.004668 -1.027045 -0.002248 0.999826 0.018491 -2.605823 0.004710 -0.018481 0.999818 205.731018
0.999990 0.002219 -0.003777 -1.040507 -0.002148 0.999823 0.018679 -2.612028 0.003817 -0.018671 0.999818 206.899841
0.999994 0.001089 -0.003411 -1.043689 -0.001025 0.999822 0.018861 -2.625609 0.003431 -0.018857 0.999816 208.062820
0.999995 0.001060 -0.003059 -1.060566 -0.001001 0.999809 0.019503 -2.632472 0.003079 -0.019500 0.999805 209.210129
0.999994 0.000464 -0.003429 -1.065167 -0.000393 0.999786 0.020670 -2.642920 0.003438 -0.020669 0.999780 210.339981
0.999991 0.000541 -0.004220 -1.085183 -0.000453 0.999783 0.020822 -2.649714 0.004230 -0.020820 0.999774 211.462372
0.999989 0.000638 -0.004616 -1.095195 -0.000545 0.999796 0.020195 -2.659071 0.004628 -0.020192 0.999785 212.562805
0.999986 0.000848 -0.005174 -1.104327 -0.000747 0.999810 0.019489 -2.667427 0.005189 -0.019485 0.999797 213.644501
0.999983 0.000781 -0.005798 -1.115223 -0.000669 0.999813 0.019301 -2.674875 0.005812 -0.019297 0.999797 214.730026
0.999976 0.000377 -0.006936 -1.126104 -0.000243 0.999813 0.019324 -2.685787 0.006942 -0.019322 0.999789 215.791885
0.999965 0.000142 -0.008333 -1.135248 0.000023 0.999803 0.019846 -2.691466 0.008334 -0.019846 0.999768 216.842041
0.999945 -0.000672 -0.010426 -1.148172 0.000893 0.999775 0.021202 -2.701501 0.010410 -0.021210 0.999721 217.891571
0.999922 -0.000475 -0.012482 -1.159291 0.000764 0.999733 0.023100 -2.709327 0.012468 -0.023108 0.999655 218.916534
0.999890 -0.000373 -0.014834 -1.179992 0.000723 0.999722 0.023587 -2.721867 0.014821 -0.023595 0.999612 219.924866
0.999853 0.000067 -0.017154 -1.213380 0.000334 0.999726 0.023401 -2.725123 0.017151 -0.023403 0.999579 220.910828
0.999803 0.000077 -0.019832 -1.225246 0.000389 0.999725 0.023457 -2.729166 0.019828 -0.023460 0.999528 221.890488
0.999744 0.000382 -0.022604 -1.253650 0.000154 0.999719 0.023712 -2.733912 0.022607 -0.023709 0.999463 222.833374
0.999675 0.000661 -0.025492 -1.281939 -0.000054 0.999716 0.023824 -2.739804 0.025501 -0.023815 0.999391 223.753067
0.999594 0.000492 -0.028497 -1.312427 0.000175 0.999727 0.023384 -2.743298 0.028501 -0.023380 0.999320 224.661453
0.999501 0.000282 -0.031595 -1.346473 0.000442 0.999738 0.022907 -2.752433 0.031593 -0.022910 0.999238 225.535034
0.999400 0.001238 -0.034607 -1.383742 -0.000452 0.999742 0.022710 -2.753712 0.034626 -0.022681 0.999143 226.389282
0.999293 0.001587 -0.037571 -1.419623 -0.000751 0.999752 0.022250 -2.761081 0.037597 -0.022206 0.999046 227.231400
0.999198 0.003149 -0.039929 -1.460317 -0.002269 0.999754 0.022048 -2.766787 0.039988 -0.021940 0.998959 228.035706
0.999156 0.003992 -0.040888 -1.503928 -0.003073 0.999742 0.022507 -2.766847 0.040967 -0.022363 0.998910 228.825607
0.999164 0.004164 -0.040675 -1.538631 -0.003215 0.999722 0.023353 -2.773166 0.040761 -0.023202 0.998899 229.599777
0.999185 0.004123 -0.040143 -1.572837 -0.003152 0.999701 0.024230 -2.778365 0.040231 -0.024084 0.998900 230.362030
0.999195 0.003814 -0.039944 -1.607935 -0.002852 0.999706 0.024090 -2.782464 0.040024 -0.023956 0.998911 231.104736
0.999210 0.004325 -0.039496 -1.634872 -0.003430 0.999736 0.022701 -2.789315 0.039584 -0.022548 0.998962 231.837067
0.999241 0.004237 -0.038734 -1.671917 -0.003440 0.999781 0.020623 -2.789058 0.038812 -0.020474 0.999037 232.562256
0.999285 0.004361 -0.037557 -1.704625 -0.003637 0.999807 0.019325 -2.794126 0.037634 -0.019175 0.999108 233.282196
0.999329 0.005103 -0.036268 -1.737477 -0.004418 0.999811 0.018940 -2.797790 0.036357 -0.018767 0.999163 234.003387
0.999386 0.004691 -0.034710 -1.771427 -0.004046 0.999818 0.018635 -2.800140 0.034791 -0.018484 0.999224 234.723297
0.999450 0.004476 -0.032871 -1.802293 -0.003865 0.999819 0.018622 -2.804409 0.032948 -0.018485 0.999286 235.433716
0.999511 0.004317 -0.030972 -1.827542 -0.003744 0.999821 0.018551 -2.808336 0.031047 -0.018426 0.999348 236.141220
0.999571 0.004304 -0.028960 -1.854261 -0.003773 0.999824 0.018380 -2.814525 0.029034 -0.018263 0.999412 236.843445
0.999648 0.004342 -0.026176 -1.873935 -0.003852 0.999817 0.018738 -2.814902 0.026253 -0.018631 0.999482 237.544113
0.999724 0.003812 -0.023163 -1.890445 -0.003367 0.999810 0.019210 -2.818758 0.023232 -0.019127 0.999547 238.250275
0.999792 0.002807 -0.020192 -1.907206 -0.002407 0.999801 0.019789 -2.827908 0.020243 -0.019737 0.999600 238.951950
0.999848 0.002207 -0.017293 -1.920027 -0.001860 0.999797 0.020056 -2.831493 0.017334 -0.020021 0.999649 239.646530
0.999896 0.001808 -0.014318 -1.941385 -0.001523 0.999801 0.019908 -2.837256 0.014352 -0.019884 0.999699 240.338928
0.999933 0.001451 -0.011461 -1.951451 -0.001223 0.999802 0.019865 -2.838169 0.011488 -0.019850 0.999737 241.031418
0.999963 0.002029 -0.008405 -1.963591 -0.001866 0.999812 0.019279 -2.840740 0.008443 -0.019263 0.999779 241.714828
0.999981 0.002853 -0.005410 -1.974976 -0.002750 0.999819 0.018845 -2.847630 0.005463 -0.018829 0.999808 242.399475
0.999993 0.002724 -0.002622 -1.979136 -0.002672 0.999805 0.019571 -2.846925 0.002675 -0.019564 0.999805 243.103775
0.999995 0.003152 -0.000196 -1.980680 -0.003147 0.999790 0.020236 -2.846555 0.000260 -0.020236 0.999795 243.816818
0.999994 0.002771 0.002179 -1.985712 -0.002814 0.999790 0.020296 -2.849695 -0.002122 -0.020302 0.999792 244.519119
0.999988 0.002116 0.004418 -1.988016 -0.002200 0.999816 0.019058 -2.850538 -0.004376 -0.019067 0.999809 245.221313
0.999979 0.002461 0.006022 -1.986296 -0.002563 0.999853 0.016948 -2.852766 -0.005980 -0.016963 0.999838 245.939331
0.999973 0.001743 0.007164 -1.989301 -0.001852 0.999883 0.015168 -2.851757 -0.007137 -0.015181 0.999859 246.654938
0.999972 0.001585 0.007370 -1.990610 -0.001693 0.999891 0.014641 -2.851137 -0.007346 -0.014653 0.999866 247.380554
0.999971 0.001091 0.007598 -1.987458 -0.001199 0.999897 0.014270 -2.858789 -0.007582 -0.014279 0.999869 248.113647
0.999969 0.001580 0.007750 -1.989787 -0.001688 0.999901 0.013972 -2.865286 -0.007727 -0.013984 0.999872 248.846405
0.999964 0.002259 0.008134 -1.981760 -0.002369 0.999905 0.013552 -2.864314 -0.008103 -0.013571 0.999875 249.580368
0.999964 0.001618 0.008271 -1.984128 -0.001716 0.999928 0.011876 -2.864530 -0.008252 -0.011890 0.999895 250.327240
0.999959 -0.001660 0.008846 -1.962884 0.001575 0.999953 0.009569 -2.874181 -0.008861 -0.009555 0.999915 251.071106
0.999952 -0.003249 0.009261 -1.951060 0.003168 0.999957 0.008747 -2.894054 -0.009289 -0.008717 0.999919 251.821167
0.999948 -0.002968 0.009784 -1.954283 0.002851 0.999924 0.011993 -2.901593 -0.009819 -0.011965 0.999880 252.603165
0.999946 0.001597 0.010308 -1.959226 -0.001781 0.999839 0.017859 -2.898230 -0.010278 -0.017876 0.999787 253.389862
0.999939 0.001287 0.010970 -1.955744 -0.001524 0.999765 0.021642 -2.906715 -0.010940 -0.021658 0.999706 254.193222
0.999917 -0.001290 0.012838 -1.936815 0.001021 0.999781 0.020917 -2.907407 -0.012862 -0.020902 0.999699 254.983902
0.999865 -0.000123 0.016411 -1.924247 -0.000132 0.999879 0.015542 -2.914876 -0.016411 -0.015542 0.999745 255.763306
0.999784 0.002451 0.020632 -1.918569 -0.002689 0.999930 0.011482 -2.908446 -0.020603 -0.011535 0.999721 256.566833
0.999707 0.004185 0.023850 -1.914595 -0.004446 0.999931 0.010900 -2.908647 -0.023803 -0.011002 0.999656 257.390045
0.999629 0.003644 0.027009 -1.896499 -0.003983 0.999914 0.012525 -2.908552 -0.026961 -0.012628 0.999557 258.233185
0.999550 0.000787 0.029974 -1.870767 -0.001259 0.999875 0.015736 -2.915237 -0.029958 -0.015767 0.999427 259.069733
0.999462 -0.002314 0.032709 -1.832547 0.001730 0.999839 0.017875 -2.921610 -0.032745 -0.017809 0.999305 259.903778
0.999358 -0.003216 0.035691 -1.802015 0.002541 0.999818 0.018925 -2.928051 -0.035745 -0.018823 0.999184 260.744751
0.999260 -0.001593 0.038422 -1.791772 0.000916 0.999844 0.017620 -2.933002 -0.038444 -0.017571 0.999106 261.578125
0.999173 -0.000440 0.040671 -1.759516 -0.000181 0.999883 0.015271 -2.936882 -0.040673 -0.015266 0.999056 262.418091
0.999072 0.000499 0.043076 -1.730987 -0.001136 0.999890 0.014770 -2.939752 -0.043064 -0.014805 0.998963 263.255829
0.998937 0.001675 0.046068 -1.696836 -0.002443 0.999859 0.016630 -2.946973 -0.046033 -0.016725 0.998800 264.089722
0.998803 0.002124 0.048867 -1.669061 -0.003031 0.999824 0.018490 -2.952798 -0.048819 -0.018616 0.998634 264.943085
0.998658 0.003117 0.051697 -1.634990 -0.004092 0.999815 0.018774 -2.959421 -0.051629 -0.018961 0.998486 265.787384
0.998517 0.002862 0.054365 -1.594727 -0.003871 0.999822 0.018470 -2.961892 -0.054302 -0.018653 0.998350 266.629761
0.998383 0.001885 0.056806 -1.542721 -0.002908 0.999835 0.017937 -2.966026 -0.056763 -0.018073 0.998224 267.476715
0.998255 -0.000585 0.059051 -1.491324 -0.000496 0.999833 0.018288 -2.967531 -0.059052 -0.018286 0.998087 268.315887
0.998199 -0.002628 0.059936 -1.439317 0.001498 0.999820 0.018899 -2.975313 -0.059975 -0.018775 0.998023 269.167053
0.998167 -0.003357 0.060421 -1.386236 0.002227 0.999822 0.018756 -2.977376 -0.060473 -0.018587 0.997997 270.017303
0.998139 -0.003617 0.060866 -1.335701 0.002461 0.999815 0.019055 -2.980308 -0.060924 -0.018870 0.997964 270.871704
0.998145 -0.003465 0.060777 -1.287561 0.002280 0.999806 0.019559 -2.984808 -0.060832 -0.019384 0.997960 271.724152
0.998175 -0.003189 0.060308 -1.240153 0.001973 0.999794 0.020210 -2.988043 -0.060360 -0.020054 0.997975 272.579803
0.998231 -0.003095 0.059375 -1.190946 0.001930 0.999805 0.019662 -2.994829 -0.059425 -0.019513 0.998042 273.436432
0.998333 -0.003217 0.057633 -1.146050 0.002139 0.999822 0.018756 -2.997007 -0.057683 -0.018601 0.998162 274.295837
0.998430 -0.002479 0.055952 -1.107831 0.001464 0.999834 0.018167 -2.997637 -0.055988 -0.018056 0.998268 275.155212
0.998515 -0.001535 0.054463 -1.061655 0.000568 0.999842 0.017765 -3.002527 -0.054482 -0.017708 0.998358 276.008667
0.998609 -0.000182 0.052721 -1.027099 -0.000749 0.999844 0.017633 -3.007987 -0.052716 -0.017648 0.998454 276.859314
0.998711 0.000745 0.050744 -0.986969 -0.001657 0.999838 0.017931 -3.018196 -0.050723 -0.017992 0.998551 277.709778
0.998844 0.001011 0.048064 -0.948802 -0.001927 0.999817 0.019026 -3.022148 -0.048036 -0.019096 0.998663 278.563354
0.999024 -0.000359 0.044171 -0.909752 -0.000578 0.999775 0.021201 -3.023139 -0.044169 -0.021206 0.998799 279.416504
0.999219 -0.001778 0.039474 -0.873160 0.000860 0.999729 0.023267 -3.028327 -0.039505 -0.023215 0.998950 280.248505
0.999396 -0.001979 0.034690 -0.843751 0.001125 0.999696 0.024620 -3.033654 -0.034728 -0.024566 0.999095 281.098633
0.999552 -0.002470 0.029828 -0.823370 0.001710 0.999674 0.025475 -3.038410 -0.029881 -0.025412 0.999230 281.937134
0.999676 -0.002772 0.025304 -0.805786 0.002114 0.999660 0.025989 -3.038278 -0.025368 -0.025927 0.999342 282.744537
0.999780 -0.004136 0.020547 -0.786873 0.003598 0.999651 0.026160 -3.038902 -0.020648 -0.026081 0.999447 283.545197
0.999855 -0.004432 0.016457 -0.776046 0.004000 0.999650 0.026165 -3.042070 -0.016567 -0.026095 0.999522 284.327789
0.999912 -0.004178 0.012601 -0.771960 0.003849 0.999654 0.026015 -3.043935 -0.012705 -0.025965 0.999582 285.088501
0.999954 -0.003872 0.008746 -0.768009 0.003645 0.999658 0.025885 -3.040823 -0.008844 -0.025852 0.999627 285.840698
0.999979 -0.004028 0.004974 -0.767813 0.003898 0.999656 0.025937 -3.044917 -0.005077 -0.025918 0.999651 286.570587
0.999988 -0.004838 0.000722 -0.769308 0.004819 0.999665 0.025419 -3.049767 -0.000844 -0.025415 0.999677 287.286621
0.999983 -0.004141 -0.004006 -0.777668 0.004237 0.999695 0.024350 -3.053026 0.003904 -0.024366 0.999695 287.977264
0.999948 -0.002668 -0.009865 -0.791094 0.002887 0.999747 0.022300 -3.057608 0.009803 -0.022327 0.999703 288.659119
0.999836 -0.001591 -0.018026 -0.811017 0.001958 0.999790 0.020388 -3.057055 0.017990 -0.020420 0.999630 289.307007
0.999608 -0.001223 -0.027963 -0.842788 0.001762 0.999813 0.019236 -3.061083 0.027934 -0.019277 0.999424 289.946472
0.999154 -0.001020 -0.041117 -0.872571 0.001778 0.999829 0.018412 -3.065825 0.041092 -0.018470 0.998985 290.579803
0.998353 -0.000011 -0.057377 -0.918021 0.001084 0.999825 0.018666 -3.073989 0.057367 -0.018697 0.998178 291.216797
0.997047 0.002297 -0.076764 -0.981678 -0.000829 0.999816 0.019144 -3.079636 0.076794 -0.019023 0.996866 291.827667
0.995083 0.004254 -0.098949 -1.058426 -0.002393 0.999818 0.018916 -3.086744 0.099011 -0.018586 0.994913 292.419220
0.992284 0.005609 -0.123856 -1.152538 -0.003358 0.999826 0.018371 -3.089627 0.123938 -0.017814 0.992130 292.987396
0.988480 0.007489 -0.151164 -1.250788 -0.004793 0.999823 0.018191 -3.094866 0.151274 -0.017257 0.988341 293.559021
0.983362 0.008651 -0.181452 -1.374455 -0.005340 0.999810 0.018726 -3.092915 0.181580 -0.017445 0.983221 294.112823
0.976660 0.008749 -0.214615 -1.509252 -0.004634 0.999796 0.019669 -3.096281 0.214743 -0.018216 0.976501 294.659943
0.968180 0.009225 -0.250083 -1.662794 -0.004136 0.999774 0.020868 -3.102676 0.250219 -0.019169 0.967999 295.184326
0.957804 0.010472 -0.287231 -1.834040 -0.004154 0.999736 0.022598 -3.106578 0.287392 -0.020451 0.957595 295.700562
0.945421 0.012198 -0.325623 -2.027878 -0.004455 0.999690 0.024514 -3.110564 0.325821 -0.021726 0.945182 296.189270
0.930812 0.012987 -0.365267 -2.231269 -0.003886 0.999664 0.025639 -3.108897 0.365477 -0.022446 0.930550 296.662384
0.913822 0.013248 -0.405899 -2.448307 -0.002651 0.999641 0.026659 -3.114837 0.406106 -0.023285 0.913529 297.123993
0.894310 0.013106 -0.447256 -2.686517 -0.001107 0.999633 0.027079 -3.111148 0.447447 -0.023722 0.893996 297.574829
0.871752 0.012202 -0.489795 -2.935897 0.001174 0.999635 0.026992 -3.110102 0.489945 -0.024105 0.871420 297.998840
0.846272 0.011577 -0.532625 -3.211519 0.003447 0.999624 0.027204 -3.110249 0.532740 -0.024858 0.845914 298.411041
0.817657 0.011909 -0.575583 -3.497676 0.005010 0.999601 0.027800 -3.113073 0.575684 -0.025615 0.817271 298.810303
0.785916 0.012869 -0.618200 -3.817585 0.005311 0.999606 0.027561 -3.116071 0.618311 -0.024944 0.785538 299.179901
0.750640 0.012005 -0.660602 -4.135881 0.007094 0.999631 0.026227 -3.107879 0.660673 -0.024373 0.750278 299.533356
0.711869 0.010747 -0.702230 -4.473468 0.011055 0.999588 0.026504 -3.095286 0.702226 -0.026630 0.711456 299.873016
0.668267 0.009989 -0.743854 -4.825013 0.017004 0.999444 0.028697 -3.093821 0.743727 -0.031826 0.667725 300.200439
0.620241 0.010174 -0.784345 -5.198003 0.021479 0.999321 0.029948 -3.101012 0.784117 -0.035421 0.619601 300.490845
0.568874 0.014197 -0.822302 -5.579759 0.020980 0.999275 0.031766 -3.125266 0.822157 -0.035323 0.568164 300.738586
0.515381 0.019841 -0.856731 -5.979269 0.016598 0.999313 0.033128 -3.134552 0.856800 -0.031294 0.514698 300.941956
0.459713 0.023225 -0.887764 -6.382577 0.013422 0.999362 0.033095 -3.124063 0.887966 -0.027129 0.459108 301.118530
0.402139 0.024819 -0.915242 -6.776823 0.012491 0.999391 0.032589 -3.116333 0.915493 -0.024537 0.401584 301.262970
0.343644 0.026012 -0.938740 -7.171054 0.013519 0.999376 0.032641 -3.101684 0.939003 -0.023908 0.343078 301.385925
0.284437 0.028657 -0.958266 -7.575566 0.015025 0.999297 0.034344 -3.104786 0.958577 -0.024166 0.283807 301.489502
0.224326 0.031494 -0.974005 -7.994038 0.016549 0.999210 0.036120 -3.094779 0.974374 -0.024222 0.223628 301.574249
0.161383 0.034232 -0.986298 -8.427330 0.018362 0.999121 0.037682 -3.104439 0.986721 -0.024192 0.160612 301.632812
0.096755 0.037726 -0.994593 -8.861572 0.018216 0.999047 0.039667 -3.096024 0.995142 -0.021956 0.095975 301.649017
0.031052 0.042250 -0.998624 -9.310450 0.019397 0.998893 0.042864 -3.091376 0.999330 -0.020701 0.030198 301.643921
-0.036061 0.047775 -0.998207 -9.781429 0.020197 0.998687 0.047068 -3.080494 0.999145 -0.018464 -0.036979 301.606018
-0.103764 0.053158 -0.993180 -10.244796 0.021518 0.998457 0.051192 -3.069595 0.994369 -0.016060 -0.104748 301.535614
-0.171027 0.058582 -0.983523 -10.715562 0.022988 0.998196 0.055459 -3.055903 0.984998 -0.013124 -0.172066 301.433380
-0.237272 0.062969 -0.969400 -11.186832 0.025920 0.997952 0.058480 -3.039406 0.971097 -0.011251 -0.238418 301.304871
-0.302254 0.066427 -0.950910 -11.664787 0.029310 0.997745 0.060382 -3.025181 0.952777 -0.009620 -0.303519 301.142670
-0.364403 0.068012 -0.928754 -12.126364 0.032411 0.997652 0.060341 -3.006371 0.930677 -0.008114 -0.365752 300.948090
-0.423762 0.068082 -0.903211 -12.584862 0.035136 0.997656 0.058717 -2.992171 0.905092 -0.006853 -0.425161 300.715820
-0.479796 0.067474 -0.874782 -13.035580 0.036838 0.997708 0.056751 -2.971761 0.876607 -0.004996 -0.481182 300.452087
-0.531740 0.066917 -0.844260 -13.486921 0.038205 0.997754 0.055021 -2.951941 0.846045 -0.002998 -0.533102 300.157318
-0.578657 0.066450 -0.812859 -13.939631 0.039051 0.997790 0.053768 -2.932592 0.814636 -0.000630 -0.579973 299.833588
-0.620176 0.066337 -0.781653 -14.400436 0.039459 0.997795 0.053373 -2.906430 0.783470 0.002257 -0.621426 299.457581
-0.657580 0.068572 -0.750257 -14.868915 0.042994 0.997642 0.053499 -2.870886 0.752157 0.002923 -0.658978 299.047882
-0.693604 0.074155 -0.716529 -15.349903 0.049813 0.997244 0.054987 -2.848870 0.718632 0.002447 -0.695386 298.603424
-0.728918 0.079256 -0.679997 -15.821175 0.055588 0.996848 0.056599 -2.828581 0.682340 0.003457 -0.731027 298.118317
-0.761723 0.081653 -0.642738 -16.271557 0.058968 0.996647 0.056729 -2.808328 0.645214 0.005311 -0.763983 297.587311
-0.791538 0.079312 -0.605952 -16.690311 0.059279 0.996831 0.053039 -2.773088 0.608238 0.006062 -0.793731 297.024109
-0.818517 0.076030 -0.569429 -17.108057 0.059547 0.997093 0.047537 -2.756854 0.571387 0.005002 -0.820665 296.411438
-0.843193 0.070826 -0.532925 -17.495014 0.057756 0.997481 0.041183 -2.718685 0.534500 0.003945 -0.845160 295.775818
-0.865392 0.067076 -0.496586 -17.882442 0.056841 0.997744 0.035713 -2.711821 0.497861 0.002679 -0.867253 295.103241
-0.885711 0.064099 -0.459790 -18.256298 0.054770 0.997933 0.033615 -2.689384 0.460994 0.004590 -0.887391 294.376434
-0.904311 0.061456 -0.422428 -18.605585 0.052766 0.998086 0.032246 -2.677815 0.423602 0.006871 -0.905823 293.612579
-0.921380 0.059085 -0.384145 -18.942249 0.051766 0.998227 0.029373 -2.658232 0.385200 0.007178 -0.922805 292.811554
-0.936624 0.060357 -0.345098 -19.259710 0.053949 0.998147 0.028151 -2.642158 0.346158 0.007749 -0.938144 291.986450
-0.950108 0.063141 -0.305463 -19.560736 0.057452 0.997967 0.027589 -2.644959 0.306584 0.008663 -0.951804 291.119659
-0.961734 0.063016 -0.266640 -19.821558 0.057602 0.997945 0.028084 -2.621696 0.267862 0.011651 -0.963387 290.212372
-0.971285 0.066274 -0.228501 -20.067825 0.061341 0.997706 0.028632 -2.610149 0.229874 0.013793 -0.973123 289.284485
-0.979297 0.066546 -0.191177 -20.264837 0.062357 0.997665 0.027854 -2.592081 0.192584 0.015356 -0.981160 288.329956
-0.985649 0.064891 -0.155836 -20.423773 0.061932 0.997797 0.023774 -2.577666 0.157036 0.013781 -0.987497 287.348907
-0.990475 0.063518 -0.122165 -20.560198 0.061518 0.997904 0.020079 -2.573103 0.123184 0.012373 -0.992307 286.345581
-0.994042 0.061677 -0.089870 -20.666191 0.060242 0.998011 0.018602 -2.566738 0.090838 0.013077 -0.995780 285.303162
-0.996498 0.059697 -0.058544 -20.740101 0.058745 0.998113 0.017854 -2.555939 0.059499 0.014352 -0.998125 284.225861
-0.997857 0.058645 -0.029027 -20.782396 0.058195 0.998175 0.016122 -2.548987 0.029920 0.014398 -0.999449 283.131531
-0.998340 0.057571 -0.001944 -20.802639 0.057535 0.998229 0.015124 -2.548493 0.002811 0.014988 -0.999884 282.014252
-0.998178 0.055524 0.023622 -20.780552 0.055901 0.998314 0.015605 -2.548385 -0.022715 0.016897 -0.999599 280.865601
-0.997457 0.053311 0.047299 -20.734612 0.054125 0.998404 0.016105 -2.542643 -0.046365 0.018624 -0.998751 279.696045
-0.996382 0.050858 0.068087 -20.661392 0.052010 0.998530 0.015250 -2.546698 -0.067211 0.018736 -0.997563 278.514771
-0.995280 0.046244 0.085321 -20.564850 0.047533 0.998783 0.013143 -2.556201 -0.084609 0.017136 -0.996267 277.318726
-0.994332 0.040817 0.098168 -20.438633 0.042175 0.999040 0.011804 -2.554129 -0.097592 0.015877 -0.995100 276.126678
-0.993694 0.035714 0.106289 -20.303164 0.037297 0.999220 0.012949 -2.558906 -0.105744 0.016831 -0.994251 274.910645
-0.993325 0.032612 0.110643 -20.165316 0.034398 0.999306 0.014270 -2.556190 -0.110101 0.017980 -0.993758 273.659088
-0.993292 0.030739 0.111475 -20.028410 0.032464 0.999379 0.013688 -2.562562 -0.110985 0.017216 -0.993673 272.404602
-0.993509 0.028357 0.110163 -19.874891 0.029908 0.999475 0.012452 -2.560991 -0.109752 0.015666 -0.993836 271.124908
-0.993848 0.027439 0.107304 -19.715330 0.028991 0.999496 0.012930 -2.559153 -0.106895 0.015961 -0.994142 269.840393
-0.994106 0.026908 0.105019 -19.574884 0.028538 0.999494 0.014051 -2.561754 -0.104588 0.016966 -0.994371 268.529297
