1.000000 0.000000 0.000000 0.000000 0.000000 1.000000 0.000000 0.000000 0.000000 0.000000 1.000000 0.000000
0.999998 0.001072 0.001638 0.004292 -0.001070 0.999999 -0.000746 -0.019282 -0.001638 0.000744 0.999998 1.200146
0.999997 0.001045 0.002321 0.044711 -0.001044 0.999999 -0.000584 -0.036088 -0.002322 0.000582 0.999997 2.430653
0.999995 0.000956 0.002906 0.077930 -0.000955 0.999999 -0.000434 -0.049845 -0.002907 0.000431 0.999996 3.685655
0.999993 0.000948 0.003539 0.092843 -0.000946 1.000000 -0.000330 -0.070648 -0.003540 0.000326 0.999994 4.895684
0.999991 0.001209 0.004050 0.108050 -0.001207 0.999999 -0.000364 -0.086590 -0.004051 0.000359 0.999992 6.115770
0.999990 0.001889 0.004179 0.126085 -0.001883 0.999997 -0.001354 -0.106522 -0.004182 0.001346 0.999990 7.332656
0.999988 0.001318 0.004716 0.124246 -0.001312 0.999998 -0.001436 -0.130864 -0.004718 0.001430 0.999988 8.526417
0.999991 0.000681 0.004239 0.137543 -0.000681 1.000000 -0.000055 -0.151202 -0.004239 0.000052 0.999991 9.746752
0.999996 0.000286 0.002657 0.141156 -0.000288 1.000000 0.000656 -0.163411 -0.002657 -0.000657 0.999996 10.951133
0.999999 -0.001097 -0.000306 0.162001 0.001098 0.999999 0.000259 -0.185927 0.000306 -0.000260 1.000000 12.189376
0.999997 -0.000542 -0.002513 0.153650 0.000542 1.000000 -0.000058 -0.209015 0.002513 0.000057 0.999997 13.387792
0.999987 -0.000973 -0.005062 0.173099 0.000974 1.000000 0.000133 -0.238569 0.005062 -0.000138 0.999987 14.578022
0.999978 0.000243 -0.006603 0.184022 -0.000244 1.000000 -0.000138 -0.256559 0.006603 0.000140 0.999978 15.782695
0.999972 0.000481 -0.007481 0.177671 -0.000483 1.000000 -0.000196 -0.271150 0.007481 0.000200 0.999972 16.996216
0.999961 -0.001004 -0.008789 0.180041 0.001006 0.999999 0.000325 -0.295733 0.008788 -0.000334 0.999961 18.176750
0.999954 -0.001111 -0.009489 0.175138 0.001113 0.999999 0.000215 -0.307718 0.009489 -0.000225 0.999955 19.383600
0.999945 0.000017 -0.010516 0.169156 -0.000024 1.000000 -0.000691 -0.321885 0.010516 0.000691 0.999944 20.587318
0.999934 -0.000684 -0.011428 0.144588 0.000664 0.999998 -0.001713 -0.337108 0.011429 0.001706 0.999933 21.728741
0.999919 0.000546 -0.012700 0.125009 -0.000559 0.999999 -0.001014 -0.359822 0.012699 0.001021 0.999919 22.901476
0.999907 0.000289 -0.013667 0.103741 -0.000303 0.999999 -0.001023 -0.386618 0.013666 0.001027 0.999906 24.091724
0.999893 0.000057 -0.014594 0.069229 -0.000085 0.999998 -0.001965 -0.401586 0.014594 0.001966 0.999892 25.254780
0.999890 -0.000176 -0.014844 0.005599 0.000165 1.000000 -0.000749 -0.434881 0.014844 0.000746 0.999890 26.381884
0.999886 -0.001597 -0.015037 -0.032835 0.001614 0.999998 0.001109 -0.458378 0.015036 -0.001133 0.999886 27.548721
0.999880 -0.001100 -0.015476 -0.077930 0.001116 0.999999 0.001038 -0.472482 0.015475 -0.001055 0.999880 28.715443
0.999852 -0.002015 -0.017107 -0.069839 0.002014 0.999998 -0.000115 -0.487460 0.017107 0.000080 0.999854 29.941885
0.999832 -0.002405 -0.018157 -0.081454 0.002378 0.999996 -0.001497 -0.496974 0.018161 0.001454 0.999834 31.186146
0.999819 -0.001836 -0.018934 -0.102683 0.001804 0.999997 -0.001700 -0.509779 0.018937 0.001666 0.999819 32.422680
0.999804 -0.002048 -0.019672 -0.125148 0.002023 0.999997 -0.001267 -0.528889 0.019674 0.001227 0.999806 33.634949
0.999781 -0.002217 -0.020820 -0.135296 0.002189 0.999997 -0.001351 -0.536534 0.020823 0.001305 0.999782 34.876709
0.999747 -0.002483 -0.022361 -0.140943 0.002448 0.999996 -0.001553 -0.554517 0.022365 0.001498 0.999749 36.090515
0.999739 -0.002751 -0.022700 -0.171755 0.002718 0.999995 -0.001481 -0.576141 0.022703 0.001418 0.999741 37.318348
0.999751 -0.003418 -0.022044 -0.221750 0.003391 0.999993 -0.001266 -0.586870 0.022048 0.001191 0.999756 38.518475
0.999752 -0.002895 -0.022059 -0.240951 0.002894 0.999996 -0.000110 -0.604663 0.022059 0.000046 0.999757 39.739594
0.999768 -0.001800 -0.021468 -0.280464 0.001809 0.999998 0.000387 -0.614204 0.021467 -0.000426 0.999769 40.932106
0.999775 -0.000937 -0.021185 -0.305439 0.000929 1.000000 -0.000350 -0.631337 0.021186 0.000330 0.999776 42.126011
0.999802 0.001092 -0.019863 -0.361523 -0.001104 0.999999 -0.000598 -0.638636 0.019862 0.000620 0.999803 43.320374
0.999821 0.003897 -0.018510 -0.409468 -0.003871 0.999991 0.001432 -0.659927 0.018516 -0.001360 0.999828 44.528046
0.999849 0.003982 -0.016909 -0.427299 -0.003913 0.999984 0.004120 -0.671414 0.016926 -0.004053 0.999849 45.735901
0.999864 0.004475 -0.015849 -0.421929 -0.004361 0.999965 0.007199 -0.688967 0.015881 -0.007129 0.999848 46.988159
0.999889 0.004729 -0.014138 -0.443867 -0.004578 0.999932 0.010711 -0.704046 0.014187 -0.010645 0.999843 48.200661
0.999895 0.004752 -0.013711 -0.421956 -0.004605 0.999932 0.010759 -0.686171 0.013761 -0.010695 0.999848 49.446167
0.999922 0.002634 -0.012173 -0.411759 -0.002523 0.999955 0.009137 -0.691490 0.012196 -0.009106 0.999884 50.681961
0.999902 0.003767 -0.013493 -0.348090 -0.003669 0.999966 0.007344 -0.696997 0.013520 -0.007294 0.999882 51.940590
0.999894 0.004418 -0.013864 -0.330840 -0.004318 0.999965 0.007191 -0.709266 0.013895 -0.007131 0.999878 53.188831
0.999871 0.004139 -0.015544 -0.297282 -0.004040 0.999971 0.006433 -0.715965 0.015570 -0.006370 0.999858 54.435341
0.999850 0.003975 -0.016834 -0.289573 -0.003883 0.999977 0.005481 -0.727688 0.016855 -0.005415 0.999843 55.633492
0.999812 0.004608 -0.018812 -0.288487 -0.004510 0.999976 0.005209 -0.728306 0.018836 -0.005123 0.999809 56.887558
0.999764 0.004095 -0.021352 -0.284675 -0.003948 0.999968 0.006933 -0.750183 0.021380 -0.006847 0.999748 58.075970
0.999742 0.003972 -0.022367 -0.316668 -0.003807 0.999965 0.007422 -0.767119 0.022396 -0.007335 0.999722 59.259968
0.999713 0.004643 -0.023507 -0.341366 -0.004476 0.999965 0.007137 -0.778246 0.023540 -0.007029 0.999698 60.468731
0.999693 0.004672 -0.024321 -0.357400 -0.004503 0.999966 0.006969 -0.792830 0.024353 -0.006858 0.999680 61.663998
0.999697 0.004344 -0.024210 -0.384708 -0.004193 0.999971 0.006308 -0.797654 0.024237 -0.006204 0.999687 62.867237
0.999744 0.002621 -0.022478 -0.452201 -0.002499 0.999982 0.005419 -0.816704 0.022492 -0.005361 0.999733 64.044289
0.999733 0.002599 -0.022962 -0.480578 -0.002449 0.999975 0.006576 -0.831225 0.022978 -0.006518 0.999715 65.219688
0.999740 0.002358 -0.022690 -0.538702 -0.002172 0.999964 0.008226 -0.855731 0.022708 -0.008174 0.999709 66.349014
0.999736 0.002170 -0.022865 -0.564042 -0.002004 0.999971 0.007292 -0.878446 0.022880 -0.007244 0.999712 67.545502
0.999732 0.005407 -0.022512 -0.600516 -0.005293 0.999973 0.005094 -0.867332 0.022539 -0.004973 0.999734 68.706978
0.999711 0.007201 -0.022917 -0.615074 -0.007084 0.999961 0.005194 -0.874008 0.022954 -0.005031 0.999724 69.897469
0.999705 0.009332 -0.022422 -0.653566 -0.009220 0.999944 0.005116 -0.883349 0.022469 -0.004908 0.999735 71.044319
0.999679 0.010642 -0.023010 -0.661221 -0.010521 0.999930 0.005367 -0.895627 0.023066 -0.005123 0.999721 72.258102
0.999710 0.011271 -0.021271 -0.704395 -0.011134 0.999917 0.006554 -0.915455 0.021343 -0.006315 0.999752 73.400650
0.999734 0.013579 -0.018650 -0.739510 -0.013448 0.999884 0.007136 -0.925697 0.018745 -0.006884 0.999801 74.580345
0.999808 0.011718 -0.015735 -0.758053 -0.011642 0.999920 0.004940 -0.941364 0.015792 -0.004756 0.999864 75.735870
0.999864 0.009105 -0.013731 -0.753534 -0.009110 0.999958 -0.000283 -0.951838 0.013728 0.000408 0.999906 76.954185
0.999888 0.009801 -0.011309 -0.755349 -0.009815 0.999951 -0.001154 -0.960473 0.011297 0.001265 0.999935 78.165970
0.999923 0.009027 -0.008468 -0.769526 -0.009006 0.999956 0.002499 -0.983334 0.008490 -0.002422 0.999961 79.306618
0.999944 0.009009 -0.005531 -0.767879 -0.008987 0.999952 0.003915 -1.005741 0.005566 -0.003865 0.999977 80.449051
0.999951 0.009810 -0.001363 -0.771716 -0.009808 0.999951 0.001605 -1.016141 0.001379 -0.001591 0.999998 81.589722
0.999962 0.008440 0.002293 -0.761441 -0.008438 0.999964 -0.000796 -1.053705 -0.002300 0.000776 0.999997 82.754242
0.999955 0.007266 0.006049 -0.756951 -0.007240 0.999964 -0.004321 -1.071802 -0.006081 0.004277 0.999972 83.888535
0.999939 0.005994 0.009237 -0.736093 -0.005949 0.999970 -0.004924 -1.106065 -0.009266 0.004869 0.999945 85.061317
0.999897 0.006148 0.012949 -0.718800 -0.006101 0.999975 -0.003664 -1.114578 -0.012972 0.003585 0.999909 86.226624
0.999843 0.007052 0.016276 -0.685988 -0.006998 0.999970 -0.003400 -1.134478 -0.016299 0.003286 0.999862 87.393753
0.999783 0.006289 0.019885 -0.654482 -0.006178 0.999965 -0.005644 -1.154584 -0.019919 0.005520 0.999786 88.556877
0.999722 0.005862 0.022858 -0.598868 -0.005675 0.999950 -0.008224 -1.172445 -0.022905 0.008092 0.999705 89.702034
0.999648 0.005549 0.025933 -0.567315 -0.005330 0.999950 -0.008520 -1.203045 -0.025979 0.008379 0.999627 90.831650
0.999582 0.004306 0.028605 -0.515829 -0.004096 0.999964 -0.007411 -1.228663 -0.028636 0.007290 0.999563 91.978432
0.999511 0.003414 0.031089 -0.460190 -0.003232 0.999977 -0.005910 -1.256601 -0.031108 0.005807 0.999499 93.135757
0.999415 0.002885 0.034085 -0.420779 -0.002742 0.999987 -0.004220 -1.279007 -0.034097 0.004124 0.999410 94.267387
0.999349 0.000742 0.036077 -0.340044 -0.000630 0.999995 -0.003142 -1.302089 -0.036079 0.003118 0.999344 95.413918
0.999270 0.000046 0.038197 -0.280074 0.000162 0.999985 -0.005450 -1.324377 -0.038197 0.005452 0.999255 96.583641
0.999195 -0.001723 0.040088 -0.215658 0.002093 0.999956 -0.009193 -1.345750 -0.040070 0.009269 0.999154 97.717712
0.999120 -0.000956 0.041930 -0.158104 0.001456 0.999928 -0.011893 -1.376654 -0.041916 0.011944 0.999050 98.865791
0.999060 -0.000728 0.043340 -0.083004 0.001291 0.999915 -0.012964 -1.400483 -0.043327 0.013008 0.998976 100.052849
0.999059 -0.000575 0.043379 -0.006689 0.001114 0.999923 -0.012398 -1.429981 -0.043368 0.012435 0.998982 101.244896
0.999100 -0.000677 0.042414 0.067970 0.001119 0.999945 -0.010406 -1.465343 -0.042404 0.010444 0.999046 102.437325
0.999143 -0.001201 0.041378 0.122461 0.001577 0.999958 -0.009063 -1.492422 -0.041365 0.009121 0.999102 103.622826
0.999241 -0.001180 0.038946 0.196761 0.001492 0.999967 -0.007993 -1.520174 -0.038935 0.008045 0.999209 104.832764
0.999365 -0.000329 0.035639 0.289551 0.000615 0.999968 -0.008004 -1.531844 -0.035636 0.008021 0.999333 106.080788
0.999471 0.000012 0.032514 0.344192 0.000255 0.999966 -0.008192 -1.557576 -0.032513 0.008196 0.999438 107.295090
0.999583 0.001119 0.028841 0.385533 -0.000870 0.999962 -0.008637 -1.585507 -0.028850 0.008609 0.999547 108.505966
0.999695 0.001647 0.024642 0.428701 -0.001443 0.999964 -0.008318 -1.610045 -0.024655 0.008280 0.999662 109.700867
0.999806 0.002384 0.019553 0.500937 -0.002233 0.999968 -0.007725 -1.627938 -0.019571 0.007680 0.999779 110.938484
0.999882 0.002181 0.015223 0.537375 -0.002076 0.999974 -0.006898 -1.651892 -0.015237 0.006865 0.999860 112.176254
0.999943 0.002406 0.010380 0.567504 -0.002341 0.999978 -0.006260 -1.680212 -0.010394 0.006235 0.999927 113.382240
0.999984 0.002788 0.005003 0.617116 -0.002756 0.999976 -0.006394 -1.698118 -0.005021 0.006380 0.999967 114.598755
0.999994 0.003376 -0.000176 0.639671 -0.003377 0.999972 -0.006706 -1.716959 0.000153 0.006707 0.999977 115.839134
0.999974 0.004550 -0.005526 0.661978 -0.004590 0.999963 -0.007233 -1.740105 0.005493 0.007258 0.999959 117.078674
0.999927 0.005648 -0.010645 0.672352 -0.005731 0.999953 -0.007807 -1.771157 0.010600 0.007868 0.999913 118.318588
0.999867 0.008109 -0.014148 0.655705 -0.008220 0.999936 -0.007817 -1.797684 0.014083 0.007932 0.999869 119.564796
0.999817 0.009620 -0.016532 0.652643 -0.009745 0.999925 -0.007459 -1.835921 0.016459 0.007619 0.999835 120.795387
0.999781 0.011063 -0.017787 0.646234 -0.011208 0.999904 -0.008108 -1.856049 0.017695 0.008306 0.999809 122.047813
0.999724 0.013022 -0.019568 0.647216 -0.013180 0.999882 -0.007932 -1.884603 0.019462 0.008188 0.999777 123.301422
0.999679 0.014216 -0.020986 0.644215 -0.014377 0.999868 -0.007520 -1.904074 0.020876 0.007820 0.999752 124.587227
0.999648 0.014213 -0.022385 0.642968 -0.014383 0.999869 -0.007444 -1.928267 0.022276 0.007763 0.999722 125.830360
0.999560 0.017486 -0.023959 0.636025 -0.017616 0.999831 -0.005211 -1.962279 0.023864 0.005630 0.999699 127.089813
0.999505 0.018743 -0.025261 0.625243 -0.018808 0.999820 -0.002342 -1.978247 0.025213 0.002816 0.999678 128.319107
0.999503 0.017420 -0.026262 0.609675 -0.017494 0.999844 -0.002596 -2.005259 0.026213 0.003054 0.999652 129.551208
0.999496 0.016821 -0.026938 0.581515 -0.016938 0.999848 -0.004137 -2.029612 0.026864 0.004592 0.999629 130.797913
0.999521 0.013550 -0.027807 0.546183 -0.013644 0.999902 -0.003209 -2.055653 0.027760 0.003587 0.999608 132.037415
0.999508 0.011670 -0.029097 0.536326 -0.011713 0.999931 -0.001321 -2.081640 0.029080 0.001661 0.999576 133.312424
0.999543 0.008547 -0.029006 0.492743 -0.008540 0.999963 0.000372 -2.097464 0.029008 -0.000124 0.999579 134.560944
0.999564 0.006880 -0.028725 0.433999 -0.006840 0.999976 0.001477 -2.118794 0.028734 -0.001280 0.999586 135.847305
0.999589 0.002603 -0.028555 0.394680 -0.002626 0.999996 -0.000743 -2.134151 0.028553 0.000818 0.999592 137.132339
0.999562 0.000420 -0.029581 0.388566 -0.000481 0.999998 -0.002055 -2.146225 0.029580 0.002068 0.999560 138.414001
0.999576 -0.000455 -0.029129 0.350690 0.000385 0.999997 -0.002391 -2.164508 0.029130 0.002379 0.999573 139.685989
0.999584 -0.000649 -0.028842 0.322233 0.000595 0.999998 -0.001864 -2.190273 0.028843 0.001846 0.999582 140.950165
0.999590 -0.000681 -0.028612 0.287804 0.000675 1.000000 -0.000218 -2.208889 0.028612 0.000199 0.999591 142.180695
0.999606 0.002133 -0.027981 0.234501 -0.002092 0.999997 0.001514 -2.234365 0.027984 -0.001455 0.999607 143.386612
0.999630 0.001949 -0.027134 0.187320 -0.001956 0.999998 -0.000225 -2.259026 0.027134 0.000278 0.999632 144.628815
0.999628 0.002708 -0.027127 0.166919 -0.002773 0.999993 -0.002373 -2.271383 0.027120 0.002447 0.999629 145.900360
0.999651 0.003234 -0.026217 0.123657 -0.003365 0.999982 -0.004978 -2.292270 0.026200 0.005065 0.999644 147.143097
0.999659 0.002193 -0.026015 0.089301 -0.002429 0.999956 -0.009064 -2.324078 0.025994 0.009124 0.999620 148.376312
0.999668 0.001986 -0.025697 0.052575 -0.002307 0.999919 -0.012485 -2.362354 0.025670 0.012540 0.999592 149.614792
0.999676 0.001547 -0.025419 0.016625 -0.001883 0.999911 -0.013205 -2.404560 0.025397 0.013249 0.999590 150.850189
0.999658 0.001292 -0.026124 0.002181 -0.001628 0.999916 -0.012849 -2.441970 0.026105 0.012887 0.999576 152.105942
0.999633 0.002332 -0.026981 -0.012098 -0.002666 0.999920 -0.012368 -2.483166 0.026950 0.012436 0.999559 153.388016
0.999614 0.002740 -0.027636 -0.028111 -0.003045 0.999935 -0.010986 -2.529631 0.027604 0.011066 0.999558 154.661102
0.999604 0.003385 -0.027953 -0.064694 -0.003681 0.999938 -0.010545 -2.565238 0.027916 0.010644 0.999554 155.926437
0.999570 0.003264 -0.029154 -0.093247 -0.003576 0.999937 -0.010675 -2.604681 0.029117 0.010775 0.999518 157.100891
0.999539 0.003469 -0.030147 -0.129587 -0.003776 0.999942 -0.010131 -2.645018 0.030110 0.010240 0.999494 158.317871
0.999502 0.003026 -0.031425 -0.152020 -0.003309 0.999954 -0.008974 -2.679860 0.031396 0.009073 0.999466 159.566742
0.999461 0.003589 -0.032635 -0.173087 -0.003886 0.999951 -0.009065 -2.705858 0.032601 0.009187 0.999426 160.822861
0.999431 0.004457 -0.033425 -0.212882 -0.004801 0.999936 -0.010223 -2.736159 0.033378 0.010378 0.999389 162.071091
0.999405 0.005049 -0.034108 -0.261320 -0.005446 0.999919 -0.011536 -2.765197 0.034047 0.011714 0.999352 163.317062
0.999367 0.006180 -0.035043 -0.299908 -0.006592 0.999910 -0.011643 -2.792793 0.034968 0.011867 0.999318 164.595932
0.999333 0.005266 -0.036129 -0.327377 -0.005733 0.999901 -0.012841 -2.823922 0.036058 0.013039 0.999265 165.881912
0.999279 0.006384 -0.037437 -0.368741 -0.006917 0.999876 -0.014125 -2.852787 0.037342 0.014374 0.999199 167.133057
0.999238 0.006294 -0.038528 -0.415112 -0.006828 0.999882 -0.013744 -2.894095 0.038437 0.013996 0.999163 168.383484
0.999183 0.006639 -0.039860 -0.444431 -0.007135 0.999899 -0.012326 -2.927828 0.039774 0.012601 0.999129 169.661346
0.999149 0.007054 -0.040648 -0.501342 -0.007553 0.999898 -0.012151 -2.957387 0.040558 0.012447 0.999100 170.916901
0.999099 0.007450 -0.041783 -0.543943 -0.007963 0.999895 -0.012119 -2.987493 0.041688 0.012441 0.999053 172.176636
0.999069 0.007663 -0.042460 -0.605754 -0.008162 0.999900 -0.011593 -3.031281 0.042366 0.011928 0.999031 173.420349
0.999052 0.008643 -0.042655 -0.670583 -0.009193 0.999877 -0.012723 -3.057217 0.042540 0.013103 0.999009 174.653458
0.999045 0.009565 -0.042629 -0.738059 -0.010136 0.999861 -0.013203 -3.095094 0.042497 0.013622 0.999004 175.903275
0.999038 0.009691 -0.042766 -0.796677 -0.010256 0.999863 -0.013010 -3.125923 0.042634 0.013436 0.999000 177.151520
0.999038 0.009802 -0.042749 -0.851092 -0.010417 0.999845 -0.014175 -3.161836 0.042604 0.014606 0.998985 178.414581
0.999065 0.008437 -0.042404 -0.904574 -0.009114 0.999834 -0.015794 -3.200972 0.042263 0.016165 0.998976 179.685120
0.999100 0.004770 -0.042144 -0.969407 -0.005406 0.999873 -0.014992 -3.252956 0.042067 0.015207 0.998999 180.925323
0.999079 0.005567 -0.042539 -1.018557 -0.006052 0.999918 -0.011283 -3.286680 0.042473 0.011530 0.999031 182.187500
0.999074 0.005011 -0.042741 -1.068456 -0.005321 0.999960 -0.007133 -3.318577 0.042703 0.007354 0.999061 183.443848
0.999073 0.006002 -0.042634 -1.129002 -0.006341 0.999949 -0.007833 -3.344246 0.042585 0.008096 0.999060 184.670609
0.999081 0.007224 -0.042255 -1.193948 -0.007690 0.999911 -0.010862 -3.379605 0.042173 0.011177 0.999048 185.881714
0.999093 0.007791 -0.041856 -1.267639 -0.008334 0.999883 -0.012820 -3.411465 0.041751 0.013157 0.999041 187.082657
0.999103 0.007500 -0.041682 -1.326844 -0.008030 0.999889 -0.012583 -3.448256 0.041583 0.012907 0.999052 188.304352
0.999097 0.007197 -0.041884 -1.361825 -0.007673 0.999908 -0.011199 -3.488865 0.041799 0.011510 0.999060 189.584290
0.999103 0.007873 -0.041608 -1.415643 -0.008273 0.999921 -0.009454 -3.515651 0.041531 0.009790 0.999089 190.826477
0.999141 0.006997 -0.040853 -1.466777 -0.007356 0.999936 -0.008643 -3.551897 0.040790 0.008936 0.999128 192.058914
0.999250 0.007034 -0.038090 -1.546187 -0.007392 0.999930 -0.009261 -3.587957 0.038022 0.009536 0.999231 193.245255
0.999318 0.005659 -0.036486 -1.596948 -0.006044 0.999927 -0.010457 -3.628882 0.036424 0.010670 0.999279 194.454590
0.999368 0.005168 -0.035156 -1.631425 -0.005595 0.999912 -0.012044 -3.668145 0.035091 0.012233 0.999309 195.664841
0.999427 0.004754 -0.033500 -1.674464 -0.005182 0.999906 -0.012693 -3.697825 0.033437 0.012860 0.999358 196.902786
0.999476 0.004747 -0.032024 -1.706211 -0.005131 0.999916 -0.011931 -3.735790 0.031964 0.012089 0.999416 198.131973
0.999526 0.003911 -0.030522 -1.736476 -0.004225 0.999939 -0.010230 -3.768633 0.030480 0.010354 0.999482 199.358627
0.999574 0.004995 -0.028763 -1.777507 -0.005289 0.999935 -0.010139 -3.796221 0.028710 0.010287 0.999535 200.587082
0.999613 0.004576 -0.027435 -1.815479 -0.004862 0.999934 -0.010369 -3.820852 0.027386 0.010498 0.999570 201.767258
0.999654 0.004669 -0.025880 -1.861176 -0.004938 0.999934 -0.010350 -3.855025 0.025830 0.010474 0.999611 202.942673
0.999699 0.004239 -0.024174 -1.890975 -0.004488 0.999938 -0.010231 -3.888414 0.024129 0.010337 0.999655 204.127441
0.999722 0.004599 -0.023139 -1.915785 -0.004838 0.999936 -0.010255 -3.926884 0.023091 0.010364 0.999680 205.284882
0.999743 0.004646 -0.022168 -1.936906 -0.004880 0.999933 -0.010513 -3.955920 0.022118 0.010618 0.999699 206.413925
0.999777 0.003343 -0.020846 -1.973145 -0.003559 0.999940 -0.010335 -3.994544 0.020810 0.010407 0.999729 207.524490
0.999779 0.003631 -0.020722 -1.985390 -0.003826 0.999948 -0.009405 -4.026510 0.020686 0.009483 0.999741 208.681335
0.999780 0.002746 -0.020793 -2.000007 -0.002917 0.999962 -0.008189 -4.068553 0.020770 0.008248 0.999750 209.813507
0.999787 0.002877 -0.020449 -2.045121 -0.003040 0.999964 -0.007957 -4.113816 0.020425 0.008017 0.999759 210.850784
0.999779 0.002790 -0.020820 -2.067038 -0.002977 0.999955 -0.008978 -4.148318 0.020794 0.009038 0.999743 211.909409
0.999773 0.002571 -0.021135 -2.080012 -0.002774 0.999950 -0.009585 -4.188267 0.021109 0.009642 0.999731 212.958099
0.999771 0.002876 -0.021188 -2.110981 -0.003091 0.999944 -0.010134 -4.211827 0.021158 0.010197 0.999724 213.982300
0.999731 0.002648 -0.023029 -2.120616 -0.002884 0.999943 -0.010231 -4.242551 0.023001 0.010295 0.999682 215.001282
0.999693 0.002224 -0.024670 -2.144279 -0.002463 0.999950 -0.009685 -4.269866 0.024647 0.009742 0.999649 216.023376
0.999650 0.001723 -0.026413 -2.177068 -0.001933 0.999967 -0.007935 -4.300563 0.026398 0.007983 0.999620 216.994415
0.999586 0.001807 -0.028701 -2.201438 -0.001980 0.999980 -0.006014 -4.334711 0.028689 0.006068 0.999570 217.957947
0.999522 0.002058 -0.030850 -2.235213 -0.002238 0.999981 -0.005774 -4.369942 0.030837 0.005840 0.999507 218.914536
0.999431 0.002851 -0.033606 -2.265801 -0.003062 0.999976 -0.006239 -4.394562 0.033587 0.006338 0.999416 219.869537
0.999323 0.002739 -0.036691 -2.290147 -0.002965 0.999977 -0.006111 -4.421537 0.036673 0.006216 0.999308 220.830139
0.999198 0.003535 -0.039883 -2.320927 -0.003769 0.999976 -0.005812 -4.444019 0.039862 0.005957 0.999187 221.780411
0.999080 0.004286 -0.042667 -2.362712 -0.004563 0.999969 -0.006409 -4.465286 0.042638 0.006597 0.999069 222.721130
0.998961 0.003350 -0.045458 -2.410263 -0.003663 0.999970 -0.006783 -4.496355 0.045434 0.006942 0.998943 223.607849
0.998780 0.002942 -0.049285 -2.440832 -0.003295 0.999969 -0.007091 -4.529529 0.049262 0.007245 0.998760 224.489502
0.998619 0.004247 -0.052363 -2.482183 -0.004630 0.999963 -0.007198 -4.558122 0.052331 0.007430 0.998602 225.344955
0.998366 0.004878 -0.056943 -2.505961 -0.005308 0.999959 -0.007397 -4.588777 0.056905 0.007687 0.998350 226.177643
0.998181 0.006631 -0.059926 -2.543287 -0.007111 0.999944 -0.007795 -4.609326 0.059871 0.008207 0.998172 226.997375
0.998149 0.007384 -0.060369 -2.592113 -0.007831 0.999944 -0.007177 -4.632656 0.060313 0.007637 0.998150 227.809021
0.998150 0.006364 -0.060470 -2.629709 -0.006742 0.999959 -0.006051 -4.659992 0.060429 0.006448 0.998152 228.602814
0.998150 0.006114 -0.060496 -2.669569 -0.006443 0.999965 -0.005253 -4.683367 0.060462 0.005633 0.998155 229.363419
0.998149 0.005302 -0.060583 -2.705015 -0.005667 0.999967 -0.005857 -4.705819 0.060550 0.006189 0.998146 230.099045
0.998121 0.006127 -0.060966 -2.733909 -0.006603 0.999949 -0.007618 -4.728121 0.060916 0.008006 0.998111 230.841476
0.998174 0.005838 -0.060120 -2.776137 -0.006435 0.999932 -0.009736 -4.749214 0.060059 0.010105 0.998144 231.566956
0.998261 0.005757 -0.058667 -2.823215 -0.006413 0.999919 -0.010994 -4.773870 0.058599 0.011351 0.998217 232.274490
0.998342 0.006706 -0.057174 -2.862494 -0.007383 0.999905 -0.011646 -4.791505 0.057090 0.012049 0.998296 233.001328
0.998437 0.006002 -0.055568 -2.901266 -0.006651 0.999912 -0.011507 -4.817906 0.055494 0.011858 0.998389 233.708069
0.998540 0.005778 -0.053705 -2.941076 -0.006402 0.999914 -0.011460 -4.838479 0.053635 0.011787 0.998491 234.405823
0.998664 0.005599 -0.051360 -2.980943 -0.006195 0.999915 -0.011454 -4.864546 0.051292 0.011757 0.998614 235.109360
0.998757 0.005591 -0.049525 -3.010705 -0.006182 0.999911 -0.011789 -4.885665 0.049455 0.012081 0.998703 235.802322
0.998902 0.004530 -0.046631 -3.042423 -0.005058 0.999924 -0.011211 -4.911726 0.046577 0.011435 0.998849 236.504974
0.999087 0.003737 -0.042567 -3.083342 -0.004172 0.999940 -0.010126 -4.939032 0.042527 0.010294 0.999042 237.168045
0.999213 0.002731 -0.039584 -3.107232 -0.003116 0.999948 -0.009679 -4.961548 0.039555 0.009795 0.999169 237.847473
0.999341 0.002426 -0.036208 -3.136298 -0.002774 0.999950 -0.009573 -4.979367 0.036183 0.009667 0.999298 238.534454
0.999441 0.002229 -0.033355 -3.154823 -0.002557 0.999949 -0.009784 -4.998415 0.033332 0.009864 0.999396 239.248245
0.999550 0.002254 -0.029896 -3.180624 -0.002556 0.999946 -0.010078 -5.017523 0.029872 0.010149 0.999502 239.905457
0.999629 0.002770 -0.027080 -3.203034 -0.003061 0.999938 -0.010685 -5.040233 0.027049 0.010764 0.999576 240.579269
0.999708 0.003085 -0.023963 -3.223107 -0.003353 0.999932 -0.011146 -5.062795 0.023927 0.011223 0.999651 241.261398
0.999786 0.003193 -0.020430 -3.249841 -0.003404 0.999941 -0.010294 -5.083096 0.020396 0.010362 0.999738 241.940094
0.999844 0.003934 -0.017226 -3.275061 -0.004100 0.999946 -0.009589 -5.103938 0.017187 0.009658 0.999806 242.626236
0.999890 0.004060 -0.014292 -3.293661 -0.004194 0.999947 -0.009402 -5.127502 0.014254 0.009461 0.999854 243.321106
0.999922 0.004316 -0.011733 -3.310220 -0.004451 0.999924 -0.011480 -5.141564 0.011683 0.011531 0.999865 244.005722
0.999936 0.003924 -0.010575 -3.317789 -0.004073 0.999892 -0.014086 -5.157995 0.010518 0.014128 0.999845 244.716675
0.999956 0.002599 -0.009009 -3.336737 -0.002741 0.999873 -0.015695 -5.178617 0.008967 0.015719 0.999836 245.409363
0.999957 0.002232 -0.009015 -3.338347 -0.002374 0.999873 -0.015762 -5.202555 0.008979 0.015782 0.999835 246.127945
0.999963 0.001420 -0.008507 -3.346402 -0.001559 0.999865 -0.016354 -5.220795 0.008482 0.016367 0.999830 246.822800
0.999961 0.002468 -0.008445 -3.350668 -0.002609 0.999856 -0.016773 -5.239478 0.008402 0.016795 0.999824 247.525955
0.999966 0.003085 -0.007620 -3.366100 -0.003216 0.999846 -0.017238 -5.261471 0.007565 0.017262 0.999822 248.222809
0.999972 0.002060 -0.007204 -3.373102 -0.002194 0.999823 -0.018693 -5.293017 0.007165 0.018709 0.999799 248.931015
0.999970 -0.000858 -0.007678 -3.357624 0.000697 0.999779 -0.021014 -5.314491 0.007694 0.021008 0.999750 249.719269
0.999972 -0.003355 -0.006729 -3.382887 0.003207 0.999756 -0.021839 -5.333930 0.006800 0.021817 0.999739 250.418320
0.999977 -0.001058 -0.006755 -3.383889 0.000939 0.999846 -0.017507 -5.360393 0.006773 0.017500 0.999824 251.237823
0.999977 0.002683 -0.006236 -3.404163 -0.002752 0.999936 -0.010988 -5.391334 0.006206 0.011005 0.999920 252.026688
0.999982 0.001675 -0.005803 -3.399846 -0.001719 0.999970 -0.007606 -5.418748 0.005790 0.007616 0.999954 252.856903
0.999984 0.001847 -0.005372 -3.358851 -0.001901 0.999946 -0.010173 -5.425964 0.005353 0.010183 0.999934 253.721100
0.999997 0.001722 -0.001483 -3.351097 -0.001745 0.999872 -0.015893 -5.453682 0.001456 0.015895 0.999873 254.560547
0.999989 0.004479 0.001560 -3.331920 -0.004448 0.999797 -0.019635 -5.471798 -0.001648 0.019627 0.999806 255.414352
0.999973 0.006161 0.003929 -3.307899 -0.006085 0.999800 -0.019072 -5.501439 -0.004045 0.019048 0.999810 256.265381
0.999966 0.005010 0.006592 -3.278269 -0.004897 0.999842 -0.017089 -5.520610 -0.006677 0.017057 0.999832 257.148773
0.999956 0.002711 0.008960 -3.249484 -0.002581 0.999891 -0.014506 -5.533498 -0.008999 0.014483 0.999855 258.013275
0.999940 0.000501 0.010974 -3.215483 -0.000358 0.999916 -0.012966 -5.556253 -0.010980 0.012961 0.999856 258.867767
0.999913 0.001365 0.013113 -3.175607 -0.001204 0.999923 -0.012338 -5.583561 -0.013128 0.012321 0.999838 259.751495
0.999880 0.003518 0.015081 -3.147562 -0.003302 0.999892 -0.014331 -5.611349 -0.015130 0.014279 0.999784 260.634186
0.999865 0.001742 0.016333 -3.129685 -0.001472 0.999863 -0.016489 -5.653830 -0.016360 0.016462 0.999731 261.441315
0.999839 0.000017 0.017966 -3.102556 0.000262 0.999880 -0.015513 -5.705768 -0.017964 0.015515 0.999718 262.271118
0.999806 0.000657 0.019667 -3.054414 -0.000396 0.999912 -0.013253 -5.736019 -0.019674 0.013242 0.999719 263.152283
0.999731 0.002119 0.023091 -3.056873 -0.001854 0.999932 -0.011519 -5.766243 -0.023114 0.011474 0.999667 263.962097
0.999688 0.002878 0.024805 -3.015005 -0.002591 0.999929 -0.011624 -5.783057 -0.024837 0.011556 0.999625 264.781891
0.999645 -0.000996 0.026642 -3.011234 0.001307 0.999931 -0.011667 -5.829677 -0.026629 0.011697 0.999577 265.415466
0.999494 0.003187 0.031663 -3.149876 -0.002774 0.999911 -0.013079 -5.805707 -0.031701 0.012985 0.999413 265.846344
0.999454 0.002817 0.032913 -3.148554 -0.002397 0.999915 -0.012781 -5.808564 -0.032946 0.012695 0.999377 266.530762
0.999417 -0.000744 0.034123 -3.160953 0.001161 0.999925 -0.012215 -5.854619 -0.034111 0.012247 0.999343 267.229889
0.999406 0.000357 0.034454 -3.154410 0.000074 0.999922 -0.012512 -5.867143 -0.034456 0.012507 0.999328 267.934875
0.999357 -0.001109 0.035827 -3.300513 0.001516 0.999935 -0.011329 -5.918052 -0.035812 0.011376 0.999294 268.127258
0.999279 -0.001685 0.037919 -3.403059 0.002068 0.999947 -0.010067 -5.963986 -0.037900 0.010138 0.999230 268.602051
0.999250 -0.001683 0.038677 -3.432306 0.002051 0.999953 -0.009473 -5.995495 -0.038660 0.009545 0.999207 269.257507
0.999318 -0.001612 0.036877 -3.390998 0.001994 0.999944 -0.010347 -6.010419 -0.036858 0.010414 0.999266 270.068817
0.999418 -0.001784 0.034068 -3.347347 0.002168 0.999935 -0.011210 -6.032831 -0.034046 0.011278 0.999357 270.881653
0.999494 -0.000498 0.031818 -3.309598 0.000883 0.999927 -0.012088 -6.047101 -0.031809 0.012110 0.999421 271.718781
0.999550 -0.000620 0.030002 -3.298786 0.000987 0.999925 -0.012212 -6.077302 -0.029992 0.012236 0.999475 272.432404
0.999610 0.001328 0.027882 -3.281430 -0.000978 0.999920 -0.012575 -6.098812 -0.027896 0.012543 0.999532 273.256134
0.999694 0.001295 0.024702 -3.232559 -0.000998 0.999927 -0.012023 -6.121472 -0.024716 0.011994 0.999623 274.137665
0.999793 0.002158 0.020248 -3.181573 -0.001931 0.999936 -0.011186 -6.127884 -0.020271 0.011144 0.999732 275.033539
0.999882 0.001077 0.015302 -3.120913 -0.000937 0.999958 -0.009141 -6.144172 -0.015311 0.009126 0.999841 275.989685
0.999944 -0.000107 0.010550 -3.101875 0.000180 0.999976 -0.006901 -6.173544 -0.010549 0.006903 0.999921 276.837982
0.999983 0.000246 0.005884 -3.110454 -0.000215 0.999986 -0.005375 -6.193173 -0.005885 0.005374 0.999968 277.625092
0.999999 0.000798 0.000707 -3.103553 -0.000795 0.999987 -0.005111 -6.206719 -0.000711 0.005111 0.999987 278.447968
0.999991 -0.000866 -0.004234 -3.091560 0.000848 0.999991 -0.004218 -6.231522 0.004238 0.004215 0.999982 279.280792
0.999957 -0.001770 -0.009113 -3.095809 0.001731 0.999989 -0.004347 -6.245573 0.009120 0.004331 0.999949 280.068878
0.999910 -0.001891 -0.013283 -3.105900 0.001826 0.999986 -0.004910 -6.259718 0.013292 0.004886 0.999900 280.857117
0.999862 -0.000890 -0.016598 -3.136679 0.000804 0.999986 -0.005140 -6.273573 0.016602 0.005126 0.999849 281.610382
0.999801 -0.000028 -0.019945 -3.167202 -0.000076 0.999987 -0.005189 -6.291729 0.019945 0.005189 0.999788 282.351135
0.999743 -0.000502 -0.022683 -3.213195 0.000388 0.999987 -0.005011 -6.313812 0.022685 0.005001 0.999730 283.050476
0.999631 -0.001353 -0.027136 -3.204080 0.001185 0.999980 -0.006229 -6.312681 0.027144 0.006195 0.999612 283.829254
0.999483 0.000274 -0.032145 -3.221282 -0.000534 0.999967 -0.008084 -6.317079 0.032142 0.008097 0.999451 284.555145
0.999282 0.001828 -0.037834 -3.262721 -0.002223 0.999943 -0.010400 -6.328035 0.037813 0.010477 0.999230 285.225250
0.998884 0.002616 -0.047164 -3.253055 -0.003192 0.999921 -0.012141 -6.341650 0.047129 0.012278 0.998813 285.914398
0.998422 0.002384 -0.056107 -3.339763 -0.003131 0.999908 -0.013226 -6.363533 0.056070 0.013380 0.998337 286.503662
0.997610 0.002817 -0.069046 -3.397636 -0.003772 0.999899 -0.013703 -6.371460 0.069000 0.013931 0.997519 287.127472
0.996413 0.003765 -0.084537 -3.496080 -0.004869 0.999906 -0.012848 -6.397995 0.084480 0.013213 0.996338 287.713287
0.994493 0.006669 -0.104595 -3.560492 -0.008016 0.999890 -0.012469 -6.401241 0.104500 0.013239 0.994437 288.314850
0.991871 0.008088 -0.126993 -3.647886 -0.009728 0.999877 -0.012293 -6.419294 0.126878 0.013429 0.991827 288.883789
0.988367 0.009442 -0.151795 -3.748075 -0.011475 0.999856 -0.012522 -6.426170 0.151655 0.014119 0.988333 289.429657
0.983881 0.010837 -0.178493 -3.884337 -0.013166 0.999843 -0.011868 -6.445235 0.178337 0.014027 0.983870 289.934814
0.978123 0.012175 -0.207673 -4.049754 -0.014598 0.999842 -0.010143 -6.466978 0.207517 0.012953 0.978146 290.450317
0.970394 0.012279 -0.241213 -4.185940 -0.014627 0.999861 -0.007947 -6.482730 0.241082 0.011240 0.970440 290.976196
0.961102 0.012849 -0.275896 -4.375892 -0.014961 0.999873 -0.005551 -6.504622 0.275790 0.009463 0.961171 291.451050
0.949904 0.013908 -0.312232 -4.571882 -0.015500 0.999876 -0.002618 -6.517468 0.312157 0.007326 0.950002 291.936920
0.936535 0.015494 -0.350233 -4.791857 -0.016531 0.999863 0.000030 -6.525205 0.350185 0.005762 0.936663 292.412567
0.921137 0.016315 -0.388896 -5.009809 -0.016502 0.999860 0.002861 -6.545911 0.388888 0.003782 0.921277 292.821686
0.903921 0.016585 -0.427377 -5.261587 -0.016154 0.999859 0.004634 -6.543420 0.427394 0.002715 0.904061 293.192078
0.884037 0.016380 -0.467130 -5.526779 -0.015174 0.999865 0.006343 -6.550013 0.467171 0.001480 0.884166 293.572174
0.861108 0.015956 -0.508172 -5.794866 -0.013910 0.999873 0.007825 -6.558721 0.508232 0.000330 0.861220 293.909607
0.835151 0.015339 -0.549806 -6.076386 -0.012294 0.999882 0.009221 -6.553483 0.549883 -0.000941 0.835241 294.255768
0.805883 0.015563 -0.591870 -6.367349 -0.010843 0.999875 0.011527 -6.559108 0.591975 -0.002872 0.805951 294.595154
0.772897 0.016781 -0.634309 -6.686194 -0.011537 0.999857 0.012394 -6.548248 0.634426 -0.002261 0.772980 294.963745
0.737733 0.016097 -0.674901 -7.010159 -0.010172 0.999867 0.012728 -6.540548 0.675016 -0.002525 0.737799 295.237030
0.698097 0.014911 -0.715848 -7.351140 -0.005554 0.999866 0.015410 -6.543925 0.715982 -0.006781 0.698086 295.523193
0.653727 0.014118 -0.756599 -7.700059 0.000243 0.999822 0.018866 -6.530486 0.756730 -0.012517 0.653607 295.799438
0.604130 0.014447 -0.796755 -8.054471 0.004557 0.999757 0.021583 -6.516635 0.796873 -0.016670 0.603917 296.057404
0.552094 0.017990 -0.833588 -8.428934 0.003793 0.999703 0.024087 -6.502221 0.833774 -0.016460 0.551861 296.264557
0.498358 0.023615 -0.866649 -8.828870 -0.000606 0.999638 0.026890 -6.491698 0.866971 -0.012876 0.498192 296.435242
0.443843 0.026817 -0.895703 -9.269268 -0.002667 0.999587 0.028606 -6.472066 0.896100 -0.010308 0.443732 296.551239
0.387183 0.028313 -0.921568 -9.707876 -0.003021 0.999562 0.029440 -6.445531 0.921998 -0.008615 0.387099 296.648560
0.327305 0.030402 -0.944430 -10.092935 -0.000999 0.999493 0.031829 -6.440551 0.944918 -0.009474 0.327169 296.769043
0.266534 0.033265 -0.963251 -10.468774 0.001414 0.999390 0.034905 -6.424908 0.963825 -0.010665 0.266324 296.870453
0.204999 0.037198 -0.978055 -10.849110 0.004007 0.999237 0.038843 -6.419839 0.978754 -0.011882 0.204694 296.941681
0.141349 0.040106 -0.989147 -11.250426 0.006653 0.999118 0.041461 -6.404040 0.989937 -0.012441 0.140958 296.973877
0.077467 0.043813 -0.996032 -11.653728 0.007183 0.998984 0.044502 -6.390159 0.996969 -0.010602 0.077074 296.951538
0.012300 0.048940 -0.998726 -12.083963 0.009562 0.998750 0.049059 -6.365364 0.999879 -0.010153 0.011817 296.909729
-0.055309 0.055717 -0.996913 -12.507125 0.011789 0.998409 0.055146 -6.349860 0.998400 -0.008703 -0.055878 296.857361
-0.123593 0.062207 -0.990381 -12.943262 0.014275 0.998041 0.060906 -6.327467 0.992230 -0.006610 -0.124239 296.782166
-0.190597 0.068549 -0.979272 -13.369050 0.017111 0.997639 0.066504 -6.308710 0.981519 -0.004080 -0.191320 296.661560
-0.256672 0.074267 -0.963641 -13.814087 0.021052 0.997236 0.071249 -6.282717 0.966269 -0.001999 -0.257526 296.509216
-0.320914 0.079394 -0.943775 -14.264753 0.026659 0.996843 0.074793 -6.263217 0.946733 -0.001158 -0.322017 296.324738
-0.382411 0.081996 -0.920347 -14.702197 0.031080 0.996633 0.075879 -6.236495 0.923470 0.000413 -0.383671 296.109467
-0.440837 0.083086 -0.893733 -15.135948 0.035489 0.996541 0.075139 -6.209693 0.896885 0.001406 -0.442261 295.853851
-0.496735 0.083321 -0.863894 -15.586236 0.038903 0.996518 0.073744 -6.172452 0.867030 0.003023 -0.498246 295.572388
-0.548298 0.083223 -0.832132 -16.043407 0.041852 0.996520 0.072088 -6.127759 0.835235 0.004699 -0.549873 295.251129
-0.594842 0.082430 -0.799605 -16.499567 0.043502 0.996572 0.070373 -6.080808 0.802664 0.007077 -0.596389 294.895630
-0.634947 0.082865 -0.768099 -16.935785 0.044921 0.996509 0.070373 -6.042621 0.771249 0.010179 -0.636453 294.496857
-0.670480 0.087262 -0.736778 -17.338924 0.050383 0.996122 0.072129 -6.016812 0.740215 0.011240 -0.672276 294.072876
-0.706257 0.093853 -0.701707 -17.794098 0.058665 0.995523 0.074105 -5.971546 0.705521 0.011172 -0.708601 293.607605
-0.740738 0.098243 -0.664572 -18.238838 0.064594 0.995081 0.075104 -5.919330 0.668682 0.012705 -0.743440 293.090759
-0.773101 0.098980 -0.626512 -18.707129 0.067647 0.994982 0.073717 -5.859431 0.630665 0.014609 -0.775918 292.518433
-0.802252 0.094891 -0.589397 -19.106966 0.066995 0.995360 0.069060 -5.812985 0.593215 0.015917 -0.804887 291.946869
-0.828018 0.092699 -0.552985 -19.472607 0.069116 0.995592 0.063403 -5.774070 0.556425 0.014279 -0.830775 291.344818
-0.852139 0.088618 -0.515758 -19.861931 0.068774 0.995974 0.057501 -5.738278 0.518777 0.013528 -0.854802 290.696564
-0.873287 0.086702 -0.479430 -20.208220 0.069632 0.996147 0.053311 -5.711399 0.482205 0.013172 -0.875959 290.005859
-0.892603 0.085467 -0.442668 -20.547434 0.069696 0.996222 0.051808 -5.674254 0.445423 0.015392 -0.895188 289.263275
-0.910783 0.082034 -0.404653 -20.883404 0.067485 0.996461 0.050114 -5.646644 0.407332 0.018335 -0.913096 288.481995
-0.926841 0.082811 -0.366209 -21.189983 0.069644 0.996365 0.049048 -5.639987 0.368939 0.019955 -0.929239 287.669525
-0.941480 0.086222 -0.325854 -21.490423 0.074607 0.996057 0.048000 -5.595708 0.328708 0.020880 -0.944201 286.867035
-0.953583 0.088180 -0.287931 -21.693588 0.078128 0.995870 0.046242 -5.561436 0.290820 0.021600 -0.956534 286.113129
-0.964437 0.089520 -0.248690 -21.932421 0.080184 0.995650 0.047443 -5.537398 0.251855 0.025815 -0.967421 285.273834
-0.973333 0.092213 -0.210047 -22.132341 0.084056 0.995330 0.047454 -5.512920 0.213443 0.028533 -0.976539 284.414673
-0.980857 0.091430 -0.171928 -22.318237 0.084607 0.995323 0.046619 -5.505255 0.175386 0.031180 -0.984006 283.538910
-0.986381 0.090418 -0.137397 -22.444912 0.085394 0.995460 0.042041 -5.467989 0.140575 0.029735 -0.989623 282.569122
-0.990685 0.088301 -0.103661 -22.538872 0.084849 0.995697 0.037256 -5.429091 0.106505 0.028114 -0.993915 281.577087
-0.993527 0.088083 -0.071730 -22.615768 0.085685 0.995677 0.035864 -5.399491 0.074579 0.029486 -0.996779 280.572205
-0.995484 0.085735 -0.040760 -22.656975 0.084353 0.995838 0.034501 -5.363538 0.043548 0.030907 -0.998573 279.509674
-0.996273 0.085439 -0.011844 -22.665836 0.085023 0.995864 0.032033 -5.328507 0.014532 0.030906 -0.999417 278.390472
-0.996329 0.084309 0.014883 -22.645342 0.084729 0.995944 0.030270 -5.285984 -0.012270 0.031420 -0.999431 277.266449
-0.995806 0.081948 0.040677 -22.608347 0.083210 0.996069 0.030362 -5.249831 -0.038029 0.033620 -0.998711 276.065155
-0.994705 0.080061 0.064442 -22.531666 0.082152 0.996154 0.030474 -5.221913 -0.061754 0.035607 -0.997456 274.870544
-0.993389 0.077058 0.085085 -22.423882 0.079754 0.996400 0.028750 -5.198828 -0.082563 0.035346 -0.995959 273.666107
-0.992182 0.072690 0.101441 -22.286360 0.075678 0.996795 0.025921 -5.171782 -0.099231 0.033395 -0.994504 272.433411
-0.991316 0.067902 0.112611 -22.111256 0.071126 0.997158 0.024858 -5.156267 -0.110603 0.032652 -0.993328 271.214264
-0.990871 0.062907 0.119233 -21.913103 0.066479 0.997443 0.026223 -5.127484 -0.117279 0.033910 -0.992520 269.959534
-0.990615 0.059617 0.122991 -21.749336 0.063449 0.997607 0.027478 -5.102479 -0.121058 0.035024 -0.992027 268.664612
-0.990816 0.057151 0.122544 -21.562359 0.060726 0.997825 0.025638 -5.066525 -0.120813 0.032844 -0.992132 267.393677
-0.991199 0.054879 0.120472 -21.378395 0.058199 0.998011 0.024213 -5.025573 -0.118903 0.031011 -0.992421 266.023773
-0.991555 0.054397 0.117727 -21.201105 0.057709 0.998022 0.024913 -5.000418 -0.116139 0.031497 -0.992733 264.725342
-0.991908 0.053786 0.115006 -21.027090 0.057152 0.998022 0.026173 -4.982737 -0.113371 0.032534 -0.993020 263.373322
