1.000000 0.000000 0.000000 0.000000 0.000000 1.000000 0.000000 0.000000 0.000000 0.000000 1.000000 0.000000
0.999978 -0.001277 0.006500 0.158526 0.001310 0.999986 -0.005062 -0.000703 -0.006494 0.005070 0.999966 0.272558
0.999924 0.000955 0.012322 0.255279 -0.000936 0.999998 -0.001535 0.005957 -0.012323 0.001523 0.999923 0.785012
0.999860 0.003950 0.016238 0.299481 -0.004016 0.999984 0.003993 0.005991 -0.016222 -0.004057 0.999860 1.509290
0.999812 0.003630 0.019064 0.331752 -0.003721 0.999982 0.004757 0.024437 -0.019046 -0.004827 0.999807 2.360268
0.999783 0.001298 0.020813 0.372456 -0.001340 0.999997 0.001995 0.020565 -0.020810 -0.002022 0.999781 3.220925
0.999769 0.006470 0.020484 0.382087 -0.006433 0.999978 -0.001873 0.036285 -0.020496 0.001740 0.999788 4.094103
0.999803 0.006358 0.018817 0.411080 -0.006279 0.999971 -0.004236 0.051848 -0.018844 0.004117 0.999814 4.971120
0.999840 0.002796 0.017668 0.449363 -0.002705 0.999983 -0.005148 0.039195 -0.017683 0.005099 0.999831 5.835999
0.999873 0.004876 0.015146 0.461799 -0.004787 0.999971 -0.005923 0.046720 -0.015174 0.005850 0.999868 6.715592
0.999924 0.005185 0.011199 0.484597 -0.005118 0.999969 -0.006016 0.047616 -0.011230 0.005958 0.999919 7.601815
0.999973 0.005274 0.005100 0.504621 -0.005260 0.999982 -0.002740 0.053474 -0.005114 0.002713 0.999983 8.510562
0.999993 0.003193 -0.001808 0.526391 -0.003196 0.999994 -0.001287 0.052364 0.001804 0.001293 0.999998 9.401005
0.999953 -0.001323 -0.009609 0.552694 0.001333 0.999999 0.001016 0.050187 0.009608 -0.001029 0.999953 10.288273
0.999832 -0.003910 -0.017883 0.564478 0.003932 0.999992 0.001212 0.044006 0.017878 -0.001282 0.999839 11.181458
0.999626 -0.006440 -0.026575 0.566416 0.006457 0.999979 0.000538 0.049754 0.026571 -0.000709 0.999647 12.068728
0.999326 -0.008694 -0.035653 0.559498 0.008630 0.999961 -0.001956 0.042882 0.035668 0.001647 0.999362 12.956323
0.998975 -0.009636 -0.044222 0.541010 0.009534 0.999951 -0.002528 0.048480 0.044244 0.002104 0.999019 13.860007
0.998597 -0.008213 -0.052317 0.500033 0.008165 0.999966 -0.001122 0.045874 0.052325 0.000694 0.998630 14.763324
0.998188 -0.006877 -0.059783 0.452549 0.006882 0.999976 -0.000125 0.054705 0.059782 -0.000286 0.998211 15.673443
0.997741 -0.006596 -0.066851 0.409745 0.006568 0.999978 -0.000632 0.053725 0.066854 0.000192 0.997763 16.572021
0.997314 -0.006523 -0.072952 0.353738 0.006426 0.999978 -0.001556 0.058589 0.072960 0.001083 0.997334 17.466188
0.996864 -0.005360 -0.078949 0.290592 0.005054 0.999979 -0.004074 0.062071 0.078969 0.003662 0.996870 18.362558
0.996365 -0.004927 -0.085044 0.219856 0.004440 0.999973 -0.005912 0.065180 0.085070 0.005513 0.996360 19.276188
0.995789 -0.005053 -0.091533 0.145808 0.004515 0.999971 -0.006081 0.064964 0.091561 0.005642 0.995784 20.192299
0.995212 -0.003375 -0.097686 0.050302 0.002814 0.999979 -0.005874 0.053776 0.097703 0.005571 0.995200 21.120386
0.994502 0.001325 -0.104713 -0.059735 -0.002088 0.999972 -0.007177 0.061044 0.104701 0.007356 0.994477 22.063826
0.993696 0.004799 -0.112004 -0.176475 -0.005719 0.999952 -0.007897 0.053578 0.111961 0.008488 0.993676 23.026108
0.992861 0.010456 -0.118821 -0.308107 -0.011131 0.999925 -0.005022 0.058801 0.118759 0.006309 0.992903 23.997303
0.991998 0.013835 -0.125494 -0.439391 -0.013954 0.999903 -0.000071 0.058238 0.125481 0.001822 0.992094 24.978268
0.991012 0.016045 -0.132808 -0.573402 -0.015937 0.999871 0.001876 0.066417 0.132821 0.000257 0.991140 25.950077
0.989975 0.017292 -0.140182 -0.702597 -0.017435 0.999848 0.000203 0.070127 0.140165 0.002243 0.990126 26.915283
0.988927 0.016894 -0.147437 -0.831882 -0.017416 0.999846 -0.002254 0.071035 0.147376 0.004797 0.989069 27.872955
0.987836 0.015454 -0.154727 -0.976561 -0.016205 0.999862 -0.003590 0.066432 0.154650 0.006054 0.987951 28.831207
0.986781 0.013960 -0.161459 -1.124723 -0.014844 0.999881 -0.004272 0.062357 0.161380 0.006612 0.986870 29.790529
0.985763 0.015274 -0.167447 -1.299457 -0.016232 0.999859 -0.004351 0.058289 0.167357 0.007007 0.985871 30.777660
0.984795 0.016397 -0.172948 -1.478980 -0.017255 0.999845 -0.003460 0.059651 0.172864 0.006392 0.984925 31.787407
0.983878 0.019464 -0.177778 -1.675257 -0.020225 0.999792 -0.002471 0.057098 0.177693 0.006027 0.984068 32.811188
0.983204 0.022283 -0.181147 -1.872648 -0.022870 0.999738 -0.001150 0.052945 0.181074 0.005274 0.983455 33.819767
0.982630 0.026117 -0.183727 -2.070612 -0.026635 0.999645 -0.000350 0.052712 0.183653 0.005238 0.982977 34.817074
0.982221 0.029167 -0.185451 -2.271732 -0.029556 0.999563 0.000664 0.052695 0.185389 0.004829 0.982653 35.819622
0.981867 0.030916 -0.187033 -2.475926 -0.031251 0.999511 0.001161 0.054737 0.186977 0.004705 0.982353 36.841751
0.981440 0.031480 -0.189167 -2.674399 -0.031702 0.999496 0.001853 0.058853 0.189129 0.004178 0.981943 37.862953
0.981183 0.029873 -0.190756 -2.872059 -0.030283 0.999541 0.000765 0.054030 0.190691 0.005026 0.981637 38.904213
0.980850 0.029787 -0.192475 -3.081355 -0.030609 0.999531 -0.001300 0.052052 0.192346 0.007166 0.981301 39.948997
0.980446 0.029544 -0.194559 -3.286176 -0.030779 0.999521 -0.003324 0.050524 0.194367 0.009248 0.980885 40.994461
0.979836 0.028733 -0.197729 -3.499555 -0.030185 0.999535 -0.004328 0.043848 0.197512 0.010209 0.980247 42.061119
0.979172 0.028311 -0.201051 -3.711441 -0.029839 0.999544 -0.004575 0.036756 0.200830 0.010479 0.979570 43.129593
0.978501 0.028430 -0.204273 -3.934355 -0.029759 0.999551 -0.003435 0.030646 0.204084 0.009440 0.978908 44.195877
0.977832 0.027728 -0.207546 -4.159110 -0.029013 0.999574 -0.003148 0.030683 0.207370 0.009100 0.978220 45.254204
0.977325 0.026355 -0.210098 -4.388453 -0.028154 0.999588 -0.005574 0.022920 0.209865 0.011363 0.977664 46.310139
0.976839 0.024801 -0.212535 -4.621294 -0.027066 0.999604 -0.007753 0.024836 0.212258 0.013326 0.977123 47.389343
0.976384 0.024178 -0.214683 -4.858283 -0.026240 0.999633 -0.006759 0.018416 0.214441 0.012233 0.976660 48.481918
0.975810 0.023497 -0.217353 -5.110728 -0.025084 0.999675 -0.004544 0.016557 0.217175 0.009886 0.976083 49.610996
0.975311 0.023631 -0.219566 -5.366331 -0.025104 0.999677 -0.003920 0.014846 0.219402 0.009335 0.975590 50.738377
0.974943 0.024946 -0.221053 -5.631042 -0.026385 0.999646 -0.003559 0.011410 0.220886 0.009303 0.975255 51.866669
0.974598 0.027776 -0.222233 -5.909072 -0.029337 0.999563 -0.003728 0.015584 0.222032 0.010153 0.974987 53.014454
0.974533 0.028238 -0.222460 -6.170916 -0.030065 0.999536 -0.004832 0.015625 0.222220 0.011397 0.974930 54.153194
0.974508 0.029210 -0.222445 -6.442904 -0.031575 0.999476 -0.007080 0.014129 0.222121 0.013923 0.974920 55.286205
0.974655 0.028978 -0.221829 -6.711297 -0.031809 0.999452 -0.009201 0.001114 0.221441 0.016024 0.975042 56.417290
0.974932 0.027886 -0.220747 -6.971438 -0.030936 0.999468 -0.010372 -0.007862 0.220340 0.016941 0.975276 57.548702
0.975278 0.027809 -0.219227 -7.231746 -0.030569 0.999490 -0.009206 -0.013690 0.218859 0.015679 0.975631 58.679466
0.975684 0.028211 -0.217358 -7.497475 -0.030596 0.999503 -0.007617 -0.018931 0.217035 0.014082 0.976062 59.833443
0.976045 0.028748 -0.215661 -7.757406 -0.030658 0.999515 -0.005513 -0.026038 0.215398 0.011992 0.976453 60.976429
0.976473 0.030503 -0.213472 -8.014557 -0.032207 0.999471 -0.004511 -0.026837 0.213221 0.011280 0.976939 62.101509
0.976869 0.030878 -0.211595 -8.272245 -0.032837 0.999444 -0.005751 -0.034159 0.211300 0.012567 0.977340 63.251057
0.977281 0.029489 -0.209885 -8.521675 -0.031978 0.999453 -0.008477 -0.042334 0.209520 0.014997 0.977689 64.400826
0.977663 0.026880 -0.208452 -8.764036 -0.029834 0.999494 -0.011038 -0.056163 0.208050 0.017010 0.977970 65.542313
0.977927 0.025893 -0.207337 -9.010305 -0.028908 0.999516 -0.011521 -0.066345 0.206938 0.017260 0.978202 66.712921
0.978051 0.028767 -0.206371 -9.279058 -0.030799 0.999504 -0.006642 -0.065533 0.206077 0.012852 0.978451 67.908470
0.978304 0.028950 -0.205141 -9.538287 -0.029955 0.999550 -0.001791 -0.064810 0.204997 0.007897 0.978731 69.127762
0.978306 0.031401 -0.204770 -9.809706 -0.032963 0.999448 -0.004218 -0.069280 0.204525 0.010876 0.978801 70.341919
0.978233 0.028389 -0.205557 -10.057736 -0.031054 0.999470 -0.009749 -0.066204 0.205171 0.015920 0.978597 71.563263
0.978160 0.024347 -0.206422 -10.306438 -0.027631 0.999533 -0.013040 -0.075980 0.206008 0.018458 0.978376 72.792824
0.978157 0.021025 -0.206803 -10.563547 -0.024071 0.999636 -0.012223 -0.088395 0.206470 0.016934 0.978306 74.034035
0.978123 0.022760 -0.206776 -10.838909 -0.025164 0.999643 -0.009003 -0.103737 0.206498 0.014009 0.978347 75.288193
0.977950 0.023142 -0.207554 -11.115119 -0.025215 0.999655 -0.007345 -0.108534 0.207313 0.012417 0.978196 76.552673
