1.000000 0.000000 0.000000 0.000000 0.000000 1.000000 0.000000 0.000000 0.000000 0.000000 1.000000 0.000000
0.999984 -0.000494 0.005675 0.065359 0.000521 0.999989 -0.004671 -0.009610 -0.005673 0.004673 0.999973 0.651144
0.999953 0.002309 0.009457 0.065372 -0.002293 0.999996 -0.001710 -0.014894 -0.009461 0.001688 0.999954 1.544555
0.999906 0.006181 0.012246 0.046357 -0.006237 0.999970 0.004577 -0.022823 -0.012217 -0.004653 0.999915 2.488214
0.999878 0.005655 0.014545 0.048376 -0.005735 0.999968 0.005492 0.001606 -0.014513 -0.005574 0.999879 3.436383
0.999873 0.002723 0.015699 0.065682 -0.002760 0.999993 0.002349 -0.003337 -0.015693 -0.002392 0.999874 4.344094
0.999849 0.009122 0.014821 0.042397 -0.009096 0.999957 -0.001836 0.004664 -0.014837 0.001701 0.999888 5.250157
0.999870 0.010148 0.012568 0.048354 -0.010091 0.999939 -0.004582 0.015723 -0.012614 0.004455 0.999911 6.155627
0.999924 0.006209 0.010642 0.077430 -0.006149 0.999965 -0.005698 0.000887 -0.010677 0.005632 0.999927 7.056822
0.999929 0.008966 0.007797 0.065249 -0.008918 0.999941 -0.006264 0.005244 -0.007853 0.006194 0.999950 7.992577
0.999941 0.010196 0.003631 0.053646 -0.010174 0.999930 -0.006027 -0.011493 -0.003693 0.005989 0.999975 8.922005
0.999934 0.011146 -0.002738 0.045422 -0.011152 0.999935 -0.002474 -0.003413 0.002710 0.002504 0.999993 9.850150
0.999906 0.009110 -0.010223 0.044590 -0.009118 0.999958 -0.000737 -0.009272 0.010216 0.000830 0.999947 10.788076
0.999829 0.003767 -0.018082 0.038620 -0.003739 0.999992 0.001617 -0.003493 0.018088 -0.001549 0.999835 11.728761
0.999631 0.000566 -0.027157 0.026710 -0.000514 0.999998 0.001920 -0.011893 0.027158 -0.001906 0.999629 12.666493
0.999341 -0.002726 -0.036195 -0.003303 0.002753 0.999996 0.000715 0.002511 0.036193 -0.000814 0.999344 13.605648
0.998944 -0.004689 -0.045708 -0.035581 0.004608 0.999988 -0.001877 -0.010128 0.045716 0.001665 0.998953 14.538910
0.998469 -0.004984 -0.055091 -0.086331 0.004837 0.999984 -0.002807 -0.011307 0.055104 0.002537 0.998477 15.476677
0.997937 -0.003166 -0.064129 -0.152092 0.003095 0.999995 -0.001200 -0.022259 0.064132 0.000999 0.997941 16.424435
0.997376 -0.001432 -0.072375 -0.231010 0.001414 0.999999 -0.000294 -0.012961 0.072375 0.000191 0.997377 17.375351
0.996787 -0.000920 -0.080090 -0.304119 0.000882 0.999999 -0.000509 -0.017558 0.080091 0.000436 0.996787 18.326521
0.996169 -0.000021 -0.087445 -0.390948 -0.000105 0.999999 -0.001438 -0.011912 0.087445 0.001442 0.996168 19.274712
0.995534 0.001261 -0.094395 -0.486913 -0.001627 0.999991 -0.003809 -0.013787 0.094390 0.003946 0.995528 20.221228
0.994836 0.002009 -0.101476 -0.590976 -0.002614 0.999980 -0.005832 -0.016115 0.101462 0.006067 0.994821 21.179052
0.994128 0.002201 -0.108192 -0.696615 -0.002880 0.999977 -0.006123 -0.019443 0.108176 0.006399 0.994111 22.141983
0.993345 0.003722 -0.115115 -0.822009 -0.004367 0.999976 -0.005354 -0.030444 0.115092 0.005821 0.993338 23.127193
0.992425 0.009631 -0.122474 -0.963185 -0.010514 0.999923 -0.006562 -0.028792 0.122402 0.007800 0.992450 24.100821
0.991434 0.014152 -0.129844 -1.109854 -0.015180 0.999861 -0.006927 -0.049876 0.129727 0.008839 0.991510 25.079191
0.990328 0.020959 -0.137152 -1.268867 -0.021626 0.999760 -0.003373 -0.047992 0.137049 0.006306 0.990544 26.062792
0.989169 0.025690 -0.144518 -1.441080 -0.025616 0.999669 0.002370 -0.051514 0.144531 0.001358 0.989499 27.084311
0.987926 0.028486 -0.152284 -1.600785 -0.028050 0.999594 0.005016 -0.036213 0.152365 -0.000684 0.988324 28.089476
0.986653 0.029178 -0.160204 -1.769239 -0.028939 0.999574 0.003826 -0.025090 0.160247 0.000861 0.987077 29.092850
0.985300 0.028667 -0.168410 -1.942678 -0.028818 0.999583 0.001548 -0.016240 0.168384 0.003328 0.985716 30.087027
0.983946 0.027613 -0.176317 -2.118380 -0.028068 0.999606 -0.000085 -0.020019 0.176245 0.005033 0.984334 31.093906
0.982670 0.026015 -0.183532 -2.305433 -0.026553 0.999647 -0.000473 -0.017867 0.183455 0.005339 0.983014 32.096851
0.981382 0.027587 -0.190076 -2.517154 -0.028134 0.999604 -0.000179 -0.021556 0.189995 0.005523 0.981769 33.117050
0.980167 0.029117 -0.196023 -2.731611 -0.029432 0.999566 0.001305 -0.015501 0.195976 0.004490 0.980598 34.155991
0.979041 0.032662 -0.201026 -2.959489 -0.032763 0.999459 0.002825 -0.019019 0.201009 0.003820 0.979582 35.188972
0.978166 0.035208 -0.204822 -3.183340 -0.035021 0.999376 0.004536 -0.009942 0.204854 0.002737 0.978789 36.221508
0.977415 0.039137 -0.207675 -3.425698 -0.038753 0.999231 0.005921 -0.006065 0.207747 0.002261 0.978180 37.262215
0.976892 0.041867 -0.209595 -3.664199 -0.041336 0.999121 0.006913 0.005587 0.209701 0.001910 0.977764 38.309364
0.976348 0.044008 -0.211678 -3.915046 -0.043406 0.999029 0.007492 0.012206 0.211802 0.001873 0.977311 39.372707
0.975863 0.044499 -0.213802 -4.149404 -0.043720 0.999009 0.008372 0.029821 0.213963 0.001177 0.976841 40.445705
0.975516 0.041879 -0.215906 -4.386285 -0.041257 0.999121 0.007391 0.040315 0.216025 0.001698 0.976386 41.517109
0.975042 0.041428 -0.218120 -4.634085 -0.041332 0.999133 0.005004 0.048626 0.218138 0.004136 0.975909 42.598423
0.974497 0.041199 -0.220586 -4.884281 -0.041581 0.999131 0.002913 0.056895 0.220514 0.006334 0.975363 43.690147
0.973857 0.039751 -0.223657 -5.136998 -0.040347 0.999184 0.001907 0.063193 0.223550 0.007167 0.974666 44.776199
0.973091 0.039210 -0.227059 -5.394206 -0.039767 0.999207 0.002120 0.063474 0.226962 0.006967 0.973879 45.870110
0.972252 0.039595 -0.230559 -5.660615 -0.039836 0.999200 0.003610 0.066724 0.230518 0.005675 0.973052 46.981060
0.971470 0.038545 -0.234008 -5.928440 -0.038583 0.999246 0.004417 0.077474 0.234001 0.004738 0.972225 48.075260
0.970846 0.036668 -0.236881 -6.195043 -0.037280 0.999303 0.001899 0.077985 0.236786 0.006987 0.971537 49.170311
0.970231 0.035808 -0.239518 -6.473639 -0.036932 0.999318 -0.000205 0.083910 0.239347 0.009044 0.970892 50.280144
0.969742 0.035368 -0.241555 -6.756386 -0.036111 0.999347 0.001348 0.089094 0.241445 0.007415 0.970386 51.394379
0.969196 0.035275 -0.243752 -7.039759 -0.035325 0.999367 0.004166 0.093445 0.243744 0.004573 0.969829 52.522701
0.968659 0.035819 -0.245799 -7.332374 -0.035571 0.999352 0.005450 0.092636 0.245835 0.003464 0.969306 53.656635
0.968302 0.036922 -0.247038 -7.629668 -0.036476 0.999314 0.006385 0.096520 0.247104 0.002828 0.968985 54.781914
0.967954 0.039694 -0.247972 -7.943232 -0.039288 0.999206 0.006588 0.114049 0.248037 0.003366 0.968745 55.921638
0.967922 0.040471 -0.247970 -8.244424 -0.040323 0.999171 0.005679 0.122805 0.247994 0.004502 0.968751 57.063717
0.967834 0.041784 -0.248095 -8.547846 -0.042156 0.999104 0.003816 0.133254 0.248032 0.006765 0.968728 58.214893
0.968026 0.041297 -0.247426 -8.850248 -0.042177 0.999109 0.001745 0.135901 0.247278 0.008746 0.968905 59.357807
0.968290 0.040123 -0.246585 -9.148952 -0.041297 0.999147 0.000408 0.140850 0.246391 0.009788 0.969121 60.510975
0.968653 0.040796 -0.245045 -9.454317 -0.041627 0.999132 0.001793 0.145687 0.244905 0.008464 0.969510 61.676231
0.969051 0.041806 -0.243296 -9.749942 -0.042030 0.999107 0.004272 0.152023 0.243258 0.006086 0.969943 62.830715
0.969448 0.042539 -0.241581 -10.049891 -0.042151 0.999088 0.006774 0.157392 0.241649 0.003616 0.970357 64.004242
0.969811 0.044161 -0.239827 -10.358187 -0.043462 0.999021 0.008207 0.170066 0.239955 0.002464 0.970781 65.169739
0.970165 0.044237 -0.238375 -10.657235 -0.043663 0.999017 0.007688 0.175799 0.238481 0.002950 0.971143 66.371025
0.970674 0.042541 -0.236607 -10.951967 -0.042438 0.999084 0.005528 0.188895 0.236626 0.004675 0.971590 67.550262
0.971157 0.039753 -0.235106 -11.242318 -0.040235 0.999186 0.002748 0.192084 0.235024 0.006791 0.971966 68.750580
0.971469 0.039264 -0.233894 -11.530287 -0.039885 0.999202 0.002077 0.193660 0.233789 0.007311 0.972260 69.953690
0.971511 0.042673 -0.233121 -11.846146 -0.042268 0.999084 0.006737 0.211906 0.233194 0.003309 0.972425 71.163292
0.971813 0.042917 -0.231815 -12.148118 -0.041062 0.999074 0.012824 0.231607 0.232151 -0.002944 0.972675 72.414589
0.971754 0.045332 -0.231603 -12.457734 -0.043947 0.998972 0.011138 0.232999 0.231870 -0.000645 0.972747 73.642006
0.971731 0.042217 -0.232287 -12.750921 -0.042090 0.999099 0.005503 0.252846 0.232310 0.004429 0.972632 74.863197
0.971782 0.038283 -0.232752 -13.039747 -0.038871 0.999242 0.002060 0.260085 0.232654 0.007045 0.972534 76.087135
0.971867 0.035441 -0.232847 -13.330745 -0.035735 0.999357 0.002956 0.266139 0.232802 0.005448 0.972509 77.328194
0.971822 0.037063 -0.232783 -13.644944 -0.036594 0.999310 0.006334 0.275852 0.232857 0.002363 0.972508 78.592926
0.971739 0.038119 -0.232959 -13.959031 -0.037130 0.999273 0.008634 0.284428 0.233119 0.000259 0.972448 79.852562
