1.000000 0.000000 0.000000 0.000000 0.000000 1.000000 0.000000 0.000000 0.000000 0.000000 1.000000 0.000000
0.999993 -0.001008 0.003648 0.020466 0.001029 0.999983 -0.005789 0.011765 -0.003642 0.005793 0.999977 0.869021
0.999974 0.000554 0.007158 0.025956 -0.000545 0.999999 -0.001237 0.020544 -0.007158 0.001233 0.999974 1.754055
0.999941 0.005418 0.009393 0.042656 -0.005461 0.999975 0.004590 0.019699 -0.009368 -0.004641 0.999945 2.645054
0.999921 0.003635 0.012021 0.051275 -0.003709 0.999974 0.006186 0.024083 -0.011998 -0.006230 0.999909 3.520041
0.999922 0.003256 0.012054 0.078883 -0.003260 0.999995 0.000318 0.044460 -0.012053 -0.000357 0.999927 4.400085
0.999886 0.011198 0.010144 0.098601 -0.011163 0.999931 -0.003547 0.059940 -0.010183 0.003433 0.999942 5.294756
0.999933 0.009720 0.006364 0.132746 -0.009685 0.999938 -0.005524 0.065619 -0.006417 0.005462 0.999964 6.185219
0.999958 0.008194 0.004089 0.155618 -0.008164 0.999940 -0.007292 0.074307 -0.004148 0.007258 0.999965 7.084193
0.999934 0.011431 0.000669 0.165680 -0.011425 0.999901 -0.008180 0.076099 -0.000762 0.008172 0.999966 7.974926
0.999918 0.012114 -0.004198 0.163625 -0.012145 0.999898 -0.007569 0.078412 0.004105 0.007619 0.999963 8.877764
0.999825 0.014223 -0.012123 0.177346 -0.014267 0.999892 -0.003554 0.092501 0.012071 0.003727 0.999920 9.804491
0.999731 0.011398 -0.020203 0.184214 -0.011447 0.999932 -0.002329 0.103587 0.020175 0.002560 0.999793 10.714750
0.999543 0.008869 -0.028884 0.172780 -0.008860 0.999961 0.000419 0.117298 0.028886 -0.000163 0.999583 11.641472
0.999234 0.005924 -0.038691 0.162517 -0.005965 0.999982 -0.000948 0.133309 0.038685 0.001178 0.999251 12.582891
0.998784 0.004909 -0.049065 0.153257 -0.005025 0.999985 -0.002250 0.149752 0.049054 0.002494 0.998793 13.554366
0.998185 0.003918 -0.060089 0.141669 -0.004281 0.999973 -0.005908 0.162208 0.060065 0.006154 0.998176 14.538098
0.997479 0.004407 -0.070822 0.119850 -0.004848 0.999970 -0.006054 0.182805 0.070793 0.006382 0.997471 15.532830
0.996633 0.009982 -0.081382 0.086713 -0.010506 0.999927 -0.006016 0.211908 0.081316 0.006851 0.996665 16.533537
0.995828 0.013314 -0.090273 0.026385 -0.013814 0.999892 -0.004924 0.228008 0.090197 0.006150 0.995905 17.516216
0.995026 0.013343 -0.098721 -0.044137 -0.013979 0.999886 -0.005760 0.229411 0.098633 0.007111 0.995098 18.490995
0.994083 0.017147 -0.107264 -0.110376 -0.018055 0.999809 -0.007504 0.249658 0.107115 0.009396 0.994202 19.472227
0.993194 0.018429 -0.115005 -0.201901 -0.019774 0.999749 -0.010568 0.261759 0.114781 0.012770 0.993309 20.428179
0.992240 0.019918 -0.122734 -0.307841 -0.021611 0.999689 -0.012477 0.268043 0.122447 0.015032 0.992361 21.371214
0.991385 0.019601 -0.129503 -0.434815 -0.021412 0.999691 -0.012604 0.269092 0.129216 0.015268 0.991499 22.285824
0.990431 0.024357 -0.135842 -0.599210 -0.026310 0.999574 -0.012600 0.263883 0.135478 0.016053 0.990650 23.146395
0.989318 0.028330 -0.142997 -0.750781 -0.030482 0.999452 -0.012885 0.250660 0.142554 0.017106 0.989639 24.117044
0.988082 0.032126 -0.150536 -0.910674 -0.034436 0.999325 -0.012761 0.241998 0.150025 0.017793 0.988522 25.112196
0.986741 0.038011 -0.157792 -1.079234 -0.039772 0.999177 -0.008013 0.239478 0.157357 0.014182 0.987440 26.113752
0.985415 0.042738 -0.164712 -1.263096 -0.043714 0.999041 -0.002304 0.238574 0.164456 0.009470 0.986339 27.112934
0.983753 0.046903 -0.173293 -1.431568 -0.047647 0.998864 -0.000130 0.246467 0.173090 0.008385 0.984870 28.140484
0.982189 0.047698 -0.181741 -1.613447 -0.048862 0.998804 -0.001930 0.258454 0.181432 0.010776 0.983344 29.149479
0.980535 0.047522 -0.190509 -1.802663 -0.049101 0.998787 -0.003577 0.264042 0.190108 0.012861 0.981679 30.167097
0.979131 0.044634 -0.198269 -2.011224 -0.046565 0.998902 -0.005085 0.264566 0.197824 0.014211 0.980135 31.181320
0.977549 0.044244 -0.206009 -2.216478 -0.046295 0.998915 -0.005145 0.268833 0.205558 0.014567 0.978536 32.216743
0.976092 0.045667 -0.212508 -2.446322 -0.047791 0.998846 -0.004867 0.271131 0.212040 0.014906 0.977147 33.226795
0.974719 0.047792 -0.218265 -2.679460 -0.049621 0.998764 -0.002905 0.277080 0.217857 0.013663 0.975885 34.256966
0.973307 0.051903 -0.223562 -2.920114 -0.053678 0.998557 -0.001863 0.286202 0.223142 0.013813 0.974688 35.293518
0.972248 0.055115 -0.227366 -3.166758 -0.056579 0.998398 0.000080 0.291468 0.227007 0.012787 0.973809 36.336884
0.971317 0.058866 -0.230388 -3.419549 -0.060295 0.998180 0.000842 0.301365 0.230019 0.013074 0.973098 37.398624
0.970577 0.061994 -0.232672 -3.677942 -0.063164 0.998000 0.002427 0.305077 0.232357 0.012340 0.972552 38.449944
0.969899 0.064190 -0.234894 -3.935594 -0.065199 0.997866 0.003476 0.315230 0.234615 0.011943 0.972015 39.519909
0.969346 0.065013 -0.236942 -4.200159 -0.065876 0.997819 0.004284 0.332946 0.236703 0.011456 0.971514 40.583065
0.968888 0.063541 -0.239205 -4.461119 -0.064795 0.997895 0.002623 0.350250 0.238868 0.012958 0.970966 41.659924
0.968281 0.063819 -0.241574 -4.728950 -0.065826 0.997831 -0.000236 0.363389 0.241035 0.016130 0.970382 42.739292
0.967824 0.062994 -0.243616 -5.013146 -0.065412 0.997857 -0.001840 0.369346 0.242978 0.017716 0.969870 43.809715
0.967033 0.060918 -0.247257 -5.287378 -0.063602 0.997971 -0.002874 0.376804 0.246580 0.018506 0.968946 44.899689
0.966145 0.060132 -0.250896 -5.571307 -0.062739 0.998027 -0.002398 0.381037 0.250257 0.018058 0.968011 45.988621
0.965381 0.059769 -0.253903 -5.870005 -0.061865 0.998084 -0.000270 0.381513 0.253401 0.015968 0.967230 47.079498
0.964442 0.059560 -0.257495 -6.166724 -0.061744 0.998092 -0.000399 0.393979 0.256980 0.016284 0.966280 48.187588
0.963887 0.056409 -0.260267 -6.469775 -0.059317 0.998234 -0.003326 0.391175 0.259620 0.018645 0.965531 49.278976
0.962993 0.055599 -0.263730 -6.761201 -0.059020 0.998244 -0.005059 0.407250 0.262986 0.020437 0.964583 50.393112
0.962341 0.056127 -0.265990 -7.073887 -0.059084 0.998248 -0.003121 0.414408 0.265348 0.018720 0.963971 51.524090
0.961782 0.057083 -0.267799 -7.389723 -0.059311 0.998240 -0.000230 0.425347 0.267314 0.016104 0.963475 52.629944
0.961350 0.057019 -0.269361 -7.707036 -0.059092 0.998252 0.000413 0.425456 0.268914 0.015520 0.963039 53.738049
0.960870 0.059114 -0.270619 -8.025582 -0.061105 0.998131 0.001070 0.432200 0.270176 0.015508 0.962686 54.848148
0.960736 0.062574 -0.270316 -8.367287 -0.064509 0.997916 0.001732 0.441321 0.269861 0.015774 0.962770 55.939438
0.960628 0.064052 -0.270355 -8.690889 -0.066469 0.997788 0.000216 0.459242 0.269771 0.017763 0.962761 57.050804
0.960735 0.064011 -0.269982 -9.019192 -0.066903 0.997758 -0.001511 0.455034 0.269280 0.019514 0.962864 58.181591
0.960751 0.062846 -0.270198 -9.331979 -0.066389 0.997786 -0.003985 0.455054 0.269350 0.021767 0.962796 59.319565
0.961099 0.061495 -0.269273 -9.647599 -0.065088 0.997870 -0.004427 0.458814 0.268427 0.021781 0.963054 60.483067
0.961268 0.062246 -0.268493 -9.960423 -0.065417 0.997854 -0.002872 0.457705 0.267738 0.020324 0.963277 61.608143
0.961811 0.063738 -0.266191 -10.293629 -0.066333 0.997797 -0.000760 0.471201 0.265556 0.018388 0.963920 62.739902
0.962185 0.066719 -0.264101 -10.628406 -0.068926 0.997621 0.000914 0.488801 0.263534 0.017324 0.964495 63.900314
0.962551 0.068523 -0.262296 -10.952507 -0.070347 0.997520 0.002444 0.491981 0.261813 0.016099 0.964984 65.051331
0.963042 0.067665 -0.260714 -11.272271 -0.069774 0.997562 0.001170 0.498988 0.260158 0.017065 0.965415 66.236221
0.963573 0.065529 -0.259294 -11.590348 -0.068041 0.997682 -0.000716 0.499880 0.258646 0.018333 0.965798 67.417023
0.964066 0.063063 -0.258069 -11.913976 -0.066470 0.997778 -0.004490 0.516309 0.257213 0.021482 0.966116 68.568138
0.964275 0.062981 -0.257306 -12.229525 -0.066302 0.997791 -0.004242 0.522919 0.256471 0.021150 0.966321 69.756798
0.964371 0.067362 -0.255833 -12.561957 -0.069297 0.997595 0.001452 0.536138 0.255316 0.016328 0.966720 70.970520
0.964527 0.070396 -0.254426 -12.886190 -0.071009 0.997453 0.006787 0.550514 0.254256 0.011521 0.967068 72.183609
0.964625 0.071605 -0.253714 -13.221686 -0.073618 0.997285 0.001563 0.575126 0.253137 0.017171 0.967278 73.401154
0.964670 0.067467 -0.254677 -13.542306 -0.070571 0.997502 -0.003061 0.590088 0.253834 0.020925 0.967021 74.645584
0.964747 0.062208 -0.255722 -13.858102 -0.066029 0.997797 -0.006375 0.590845 0.254763 0.023036 0.966729 75.880295
0.964856 0.059122 -0.256043 -14.170672 -0.062226 0.998054 -0.004033 0.593683 0.255306 0.019824 0.966657 77.183357
0.964561 0.062670 -0.256308 -14.501948 -0.065286 0.997865 -0.001702 0.610553 0.255655 0.018375 0.966594 78.521584
0.964439 0.064406 -0.256339 -14.833390 -0.066538 0.997784 0.000357 0.624018 0.255794 0.016712 0.966587 79.763710
