1.000000 0.000000 0.000000 0.000000 0.000000 1.000000 0.000000 0.000000 0.000000 0.000000 1.000000 0.000000
0.999995 -0.001163 0.002915 0.011630 0.001157 0.999997 0.001904 -0.007943 -0.002917 -0.001900 0.999994 0.541546
0.999984 -0.002916 0.004906 0.031104 0.002904 0.999993 0.002457 -0.026318 -0.004913 -0.002443 0.999985 1.587745
0.999980 -0.003997 0.004914 0.038974 0.003989 0.999991 0.001586 -0.053961 -0.004920 -0.001567 0.999987 2.871988
0.999981 -0.003932 0.004836 0.046552 0.003923 0.999991 0.001775 -0.080995 -0.004843 -0.001756 0.999987 4.177556
0.999981 -0.004115 0.004567 0.047881 0.004105 0.999989 0.002266 -0.100011 -0.004576 -0.002247 0.999987 5.516629
0.999976 -0.005315 0.004513 0.058021 0.005300 0.999980 0.003417 -0.127325 -0.004531 -0.003393 0.999984 6.846858
0.999980 -0.004878 0.004002 0.065220 0.004862 0.999981 0.003844 -0.150965 -0.004021 -0.003825 0.999985 8.176365
0.999985 -0.004252 0.003364 0.059579 0.004244 0.999987 0.002667 -0.179551 -0.003375 -0.002652 0.999991 9.501372
0.999993 -0.001634 0.003438 0.067018 0.001631 0.999998 0.001047 -0.207282 -0.003440 -0.001042 0.999994 10.813327
0.999994 0.001292 0.003358 0.056452 -0.001293 0.999999 0.000408 -0.238846 -0.003358 -0.000413 0.999994 12.139992
0.999988 0.003788 0.003093 0.042841 -0.003789 0.999993 0.000254 -0.262483 -0.003092 -0.000266 0.999995 13.476205
0.999983 0.004868 0.003168 0.032047 -0.004871 0.999988 0.000996 -0.288395 -0.003163 -0.001012 0.999994 14.815825
0.999990 0.002859 0.003474 0.040411 -0.002870 0.999991 0.003242 -0.310289 -0.003465 -0.003252 0.999989 16.172386
0.999994 -0.001078 0.003432 0.047541 0.001060 0.999985 0.005307 -0.334381 -0.003438 -0.005304 0.999980 17.532234
0.999991 -0.003202 0.002872 0.054601 0.003190 0.999987 0.003881 -0.364738 -0.002884 -0.003872 0.999988 18.881691
0.999987 -0.004428 0.002423 0.055278 0.004423 0.999988 0.002041 -0.387131 -0.002432 -0.002030 0.999995 20.229822
0.999992 -0.002381 0.003175 0.044250 0.002375 0.999996 0.001700 -0.435301 -0.003179 -0.001692 0.999994 21.580944
0.999994 0.000597 0.003392 0.028787 -0.000607 0.999996 0.002907 -0.452638 -0.003390 -0.002909 0.999990 22.944912
0.999991 0.001468 0.003863 0.024711 -0.001493 0.999978 0.006538 -0.477560 -0.003853 -0.006544 0.999971 24.321550
0.999993 -0.000871 0.003752 0.028845 0.000841 0.999969 0.007835 -0.486658 -0.003759 -0.007832 0.999962 25.701254
0.999986 -0.004043 0.003353 0.041948 0.004018 0.999966 0.007255 -0.516775 -0.003383 -0.007241 0.999968 27.066671
0.999982 -0.004961 0.003379 0.035383 0.004944 0.999975 0.004967 -0.532109 -0.003404 -0.004950 0.999982 28.449032
0.999980 -0.004936 0.003909 0.026426 0.004922 0.999982 0.003550 -0.564356 -0.003926 -0.003531 0.999986 29.831028
0.999986 -0.002655 0.004493 0.004187 0.002644 0.999993 0.002499 -0.585956 -0.004500 -0.002487 0.999987 31.213543
0.999986 -0.001296 0.005117 -0.002565 0.001291 0.999999 0.000923 -0.613219 -0.005119 -0.000917 0.999986 32.606659
0.999988 -0.000727 0.004878 -0.010890 0.000721 0.999999 0.001280 -0.638019 -0.004879 -0.001277 0.999987 34.015064
0.999988 -0.000537 0.004814 -0.010980 0.000526 0.999997 0.002302 -0.668216 -0.004815 -0.002299 0.999986 35.393242
0.999989 0.000582 0.004692 -0.017483 -0.000599 0.999993 0.003641 -0.692225 -0.004689 -0.003644 0.999982 36.778248
0.999987 0.002383 0.004510 -0.032410 -0.002400 0.999991 0.003628 -0.715807 -0.004501 -0.003639 0.999983 38.174789
0.999979 0.004631 0.004544 -0.056372 -0.004646 0.999984 0.003299 -0.742498 -0.004529 -0.003320 0.999984 39.575298
0.999968 0.006483 0.004674 -0.079572 -0.006499 0.999974 0.003278 -0.761893 -0.004652 -0.003308 0.999984 40.965424
0.999960 0.007625 0.004603 -0.096662 -0.007641 0.999965 0.003396 -0.789273 -0.004576 -0.003431 0.999984 42.355167
0.999968 0.006821 0.004103 -0.105207 -0.006836 0.999970 0.003605 -0.812366 -0.004078 -0.003633 0.999985 43.743977
0.999973 0.006393 0.003722 -0.110585 -0.006405 0.999975 0.003146 -0.838871 -0.003702 -0.003170 0.999988 45.137249
0.999975 0.006513 0.002911 -0.117467 -0.006522 0.999973 0.003347 -0.868870 -0.002889 -0.003366 0.999990 46.537674
0.999978 0.006267 0.002381 -0.131672 -0.006278 0.999971 0.004325 -0.893450 -0.002354 -0.004340 0.999988 47.943138
0.999977 0.006570 0.001372 -0.143641 -0.006576 0.999970 0.004133 -0.920480 -0.001344 -0.004142 0.999991 49.354134
0.999976 0.006985 0.000000 -0.146102 -0.006985 0.999967 0.004070 -0.946486 0.000028 -0.004070 0.999992 50.775257
0.999974 0.007032 -0.001256 -0.149314 -0.007026 0.999964 0.004776 -0.969925 0.001289 -0.004768 0.999988 52.180855
0.999979 0.006077 -0.002364 -0.151323 -0.006063 0.999965 0.005754 -0.992035 0.002399 -0.005740 0.999981 53.603111
0.999994 0.002722 -0.002334 -0.165700 -0.002709 0.999981 0.005480 -1.014254 0.002349 -0.005473 0.999982 55.113792
0.999995 0.002332 -0.002277 -0.177213 -0.002319 0.999981 0.005720 -1.040829 0.002290 -0.005714 0.999981 56.550457
0.999998 0.001168 -0.001758 -0.181736 -0.001157 0.999979 0.006320 -1.064893 0.001766 -0.006318 0.999978 57.980595
0.999999 0.000217 -0.001584 -0.190796 -0.000206 0.999976 0.006892 -1.088622 0.001586 -0.006891 0.999975 59.415878
1.000000 -0.000506 -0.000641 -0.201599 0.000510 0.999978 0.006601 -1.115742 0.000638 -0.006601 0.999978 60.827251
0.999999 -0.001085 -0.000127 -0.209245 0.001085 0.999983 0.005664 -1.140411 0.000121 -0.005665 0.999984 62.251484
1.000000 -0.000804 0.000260 -0.213767 0.000803 0.999984 0.005546 -1.171401 -0.000265 -0.005545 0.999985 63.669205
1.000000 0.000249 0.000859 -0.227701 -0.000253 0.999985 0.005527 -1.195614 -0.000858 -0.005527 0.999984 65.077995
0.999988 0.004417 0.002263 -0.241956 -0.004434 0.999963 0.007390 -1.216257 -0.002230 -0.007400 0.999970 66.498459
0.999967 0.007582 0.003041 -0.254014 -0.007606 0.999939 0.007962 -1.242156 -0.002980 -0.007985 0.999964 67.886948
0.999939 0.010634 0.002985 -0.267465 -0.010656 0.999916 0.007423 -1.263888 -0.002905 -0.007454 0.999968 69.261299
0.999897 0.013858 0.003647 -0.284220 -0.013883 0.999881 0.006684 -1.286943 -0.003554 -0.006734 0.999971 70.654198
0.999870 0.015255 0.005304 -0.291826 -0.015290 0.999860 0.006734 -1.303435 -0.005201 -0.006814 0.999963 72.041542
0.999876 0.014799 0.005413 -0.288143 -0.014833 0.999870 0.006365 -1.325429 -0.005318 -0.006444 0.999965 73.405182
0.999892 0.013617 0.005482 -0.281223 -0.013647 0.999893 0.005335 -1.350467 -0.005409 -0.005409 0.999971 74.769890
0.999897 0.013428 0.004978 -0.279111 -0.013451 0.999899 0.004673 -1.375488 -0.004915 -0.004740 0.999977 76.142426
0.999882 0.014821 0.003954 -0.273600 -0.014837 0.999882 0.004078 -1.404700 -0.003893 -0.004136 0.999984 77.502342
0.999870 0.015880 0.002696 -0.271042 -0.015890 0.999865 0.004063 -1.428169 -0.002631 -0.004105 0.999988 78.868378
0.999873 0.015852 0.001880 -0.275954 -0.015860 0.999865 0.004381 -1.453714 -0.001810 -0.004410 0.999989 80.221016
0.999891 0.014790 0.000461 -0.277232 -0.014792 0.999878 0.004979 -1.474064 -0.000387 -0.004985 0.999987 81.574203
0.999919 0.012727 -0.000996 -0.274398 -0.012722 0.999905 0.005317 -1.494833 0.001064 -0.005304 0.999985 82.929001
0.999942 0.010500 -0.002333 -0.279998 -0.010488 0.999931 0.005354 -1.516604 0.002389 -0.005329 0.999983 84.279022
0.999957 0.008653 -0.003263 -0.285485 -0.008636 0.999951 0.004935 -1.538912 0.003306 -0.004907 0.999982 85.607567
0.999960 0.008043 -0.003968 -0.295108 -0.008025 0.999957 0.004674 -1.562924 0.004006 -0.004642 0.999981 86.929504
0.999951 0.008715 -0.004713 -0.313545 -0.008694 0.999953 0.004358 -1.589409 0.004751 -0.004317 0.999979 88.272499
0.999950 0.008676 -0.004981 -0.328036 -0.008655 0.999954 0.004078 -1.611082 0.005016 -0.004034 0.999979 89.609177
0.999943 0.009551 -0.004810 -0.348897 -0.009534 0.999949 0.003467 -1.638904 0.004843 -0.003421 0.999982 90.920387
0.999942 0.009736 -0.004559 -0.366856 -0.009719 0.999946 0.003652 -1.659812 0.004595 -0.003608 0.999983 92.239410
0.999937 0.010307 -0.004525 -0.387439 -0.010287 0.999937 0.004403 -1.685603 0.004570 -0.004356 0.999980 93.576088
0.999930 0.010709 -0.004964 -0.407341 -0.010682 0.999929 0.005347 -1.706817 0.005021 -0.005294 0.999973 94.915939
0.999944 0.009280 -0.005055 -0.423025 -0.009258 0.999948 0.004361 -1.731843 0.005095 -0.004314 0.999978 96.240440
0.999951 0.008828 -0.004528 -0.435920 -0.008821 0.999960 0.001728 -1.753275 0.004544 -0.001688 0.999988 97.544258
0.999955 0.008263 -0.004731 -0.454416 -0.008262 0.999966 0.000377 -1.776297 0.004734 -0.000338 0.999989 98.824883
0.999966 0.006798 -0.004652 -0.462521 -0.006795 0.999977 0.000603 -1.800107 0.004656 -0.000571 0.999989 100.104630
0.999982 0.004469 -0.004094 -0.466965 -0.004461 0.999989 0.001732 -1.822406 0.004102 -0.001713 0.999990 101.400589
0.999990 0.003160 -0.003284 -0.477194 -0.003153 0.999993 0.002106 -1.852934 0.003290 -0.002095 0.999992 102.712730
0.999993 0.003147 -0.001860 -0.478917 -0.003149 0.999994 -0.001264 -1.877312 0.001856 0.001270 0.999997 104.035080
0.999986 0.005140 -0.001004 -0.497792 -0.005143 0.999982 -0.003031 -1.912329 0.000989 0.003036 0.999995 105.354240
0.999965 0.008313 0.000251 -0.522355 -0.008312 0.999960 -0.003241 -1.947331 -0.000278 0.003239 0.999995 106.682899
0.999945 0.010401 0.001017 -0.532638 -0.010400 0.999944 -0.001886 -1.981866 -0.001037 0.001875 0.999998 108.013290
0.999939 0.010949 0.001660 -0.537603 -0.010948 0.999940 -0.000599 -2.011863 -0.001667 0.000581 0.999998 109.339561
0.999935 0.011151 0.002234 -0.544870 -0.011151 0.999938 -0.000292 -2.045641 -0.002237 0.000267 0.999997 110.672295
0.999929 0.011595 0.002569 -0.548731 -0.011593 0.999933 -0.000726 -2.077242 -0.002577 0.000696 0.999996 111.989037
0.999902 0.013527 0.003479 -0.554869 -0.013522 0.999908 -0.001332 -2.110502 -0.003497 0.001284 0.999993 113.296570
0.999868 0.015631 0.004524 -0.561418 -0.015624 0.999877 -0.001653 -2.145736 -0.004550 0.001582 0.999988 114.614471
0.999860 0.016019 0.004849 -0.567812 -0.016007 0.999869 -0.002361 -2.180748 -0.004886 0.002283 0.999985 115.945839
0.999848 0.016602 0.005382 -0.569829 -0.016585 0.999857 -0.003175 -2.211863 -0.005434 0.003085 0.999980 117.258957
0.999830 0.017311 0.006353 -0.572516 -0.017288 0.999844 -0.003603 -2.243553 -0.006414 0.003492 0.999973 118.584061
0.999826 0.017378 0.006798 -0.577316 -0.017358 0.999845 -0.002964 -2.276488 -0.006848 0.002845 0.999973 119.920059
0.999853 0.015746 0.006790 -0.545826 -0.015733 0.999874 -0.002042 -2.306826 -0.006821 0.001935 0.999975 121.272324
0.999872 0.014455 0.006835 -0.537915 -0.014440 0.999893 -0.002212 -2.339924 -0.006866 0.002113 0.999974 122.614151
0.999882 0.013971 0.006452 -0.532623 -0.013961 0.999901 -0.001577 -2.374904 -0.006474 0.001486 0.999978 123.944618
0.999885 0.014038 0.005774 -0.524747 -0.014029 0.999901 -0.001469 -2.410658 -0.005794 0.001387 0.999982 125.262466
0.999903 0.013153 0.004684 -0.520184 -0.013146 0.999912 -0.001547 -2.444803 -0.004704 0.001486 0.999988 126.585907
0.999920 0.012291 0.003062 -0.512345 -0.012287 0.999924 -0.001125 -2.471512 -0.003075 0.001087 0.999995 127.926788
0.999917 0.012753 0.002052 -0.511540 -0.012751 0.999918 -0.001195 -2.508054 -0.002067 0.001169 0.999997 129.264664
0.999907 0.013603 0.000825 -0.515021 -0.013602 0.999907 -0.000917 -2.540936 -0.000837 0.000905 0.999999 130.599304
0.999898 0.014286 -0.000527 -0.521894 -0.014287 0.999897 -0.001376 -2.574144 0.000507 0.001384 0.999999 131.962738
0.999887 0.014944 -0.001402 -0.527269 -0.014947 0.999886 -0.001962 -2.599572 0.001373 0.001983 0.999997 133.315460
0.999908 0.013352 -0.002541 -0.529526 -0.013363 0.999901 -0.004392 -2.630110 0.002482 0.004426 0.999987 134.659271
0.999955 0.008756 -0.003626 -0.524894 -0.008775 0.999947 -0.005316 -2.664066 0.003579 0.005347 0.999979 136.006592
0.999985 0.003121 -0.004442 -0.512523 -0.003138 0.999988 -0.003709 -2.696110 0.004430 0.003723 0.999983 137.364334
0.999976 -0.003485 -0.005944 -0.491615 0.003468 0.999990 -0.002819 -2.727573 0.005954 0.002798 0.999978 138.699600
0.999950 -0.007104 -0.007103 -0.489126 0.007067 0.999961 -0.005233 -2.765810 0.007140 0.005182 0.999961 140.053284
0.999949 -0.007002 -0.007228 -0.502469 0.006944 0.999943 -0.008112 -2.803371 0.007285 0.008062 0.999941 141.391815
0.999972 -0.004061 -0.006359 -0.529478 0.003995 0.999938 -0.010356 -2.842774 0.006401 0.010331 0.999926 142.729019
0.999978 -0.003076 -0.005884 -0.544109 0.003013 0.999939 -0.010657 -2.883694 0.005917 0.010639 0.999926 144.054108
0.999978 -0.004224 -0.005156 -0.544398 0.004178 0.999952 -0.008876 -2.921411 0.005193 0.008854 0.999947 145.406189
0.999964 -0.006798 -0.005001 -0.545040 0.006766 0.999957 -0.006315 -2.968872 0.005044 0.006281 0.999968 146.754074
0.999944 -0.009093 -0.005476 -0.539863 0.009064 0.999945 -0.005319 -3.008709 0.005524 0.005269 0.999971 148.096069
0.999936 -0.009971 -0.005426 -0.550192 0.009944 0.999938 -0.004942 -3.052918 0.005475 0.004888 0.999973 149.434418
0.999957 -0.007911 -0.004884 -0.562837 0.007890 0.999959 -0.004398 -3.091431 0.004919 0.004359 0.999978 150.754929
0.999978 -0.005305 -0.004024 -0.583703 0.005285 0.999973 -0.005100 -3.127460 0.004050 0.005079 0.999979 152.082123
0.999992 -0.001571 -0.003612 -0.603525 0.001546 0.999974 -0.007058 -3.166608 0.003623 0.007052 0.999969 153.429535
0.999994 0.001485 -0.003118 -0.623250 -0.001509 0.999970 -0.007626 -3.208436 0.003106 0.007631 0.999966 154.791000
0.999987 0.003969 -0.003257 -0.639473 -0.003991 0.999970 -0.006683 -3.249110 0.003231 0.006696 0.999972 156.149124
0.999973 0.006474 -0.003474 -0.656050 -0.006498 0.999955 -0.006972 -3.294160 0.003429 0.006995 0.999970 157.489029
0.999958 0.007983 -0.004543 -0.668481 -0.008023 0.999929 -0.008838 -3.337232 0.004472 0.008874 0.999951 158.833847
0.999924 0.010959 -0.005656 -0.692628 -0.011020 0.999880 -0.010856 -3.384174 0.005536 0.010918 0.999925 160.192856
0.999881 0.014114 -0.006280 -0.724038 -0.014188 0.999829 -0.011823 -3.424387 0.006112 0.011911 0.999910 161.555893
0.999829 0.017231 -0.006765 -0.751639 -0.017305 0.999789 -0.011024 -3.465186 0.006573 0.011139 0.999916 162.894440
0.999803 0.018603 -0.006847 -0.772030 -0.018665 0.999784 -0.009123 -3.500006 0.006676 0.009249 0.999935 164.256409
0.999792 0.018953 -0.007493 -0.789602 -0.019005 0.999795 -0.006963 -3.538989 0.007360 0.007104 0.999948 165.642899
0.999778 0.018739 -0.009600 -0.810852 -0.018799 0.999804 -0.006197 -3.586664 0.009482 0.006376 0.999935 167.037720
0.999767 0.017856 -0.012110 -0.828264 -0.017929 0.999822 -0.005945 -3.631590 0.012002 0.006161 0.999909 168.454651
0.999718 0.018402 -0.015031 -0.854114 -0.018540 0.999787 -0.009083 -3.674338 0.014861 0.009359 0.999846 169.860962
0.999665 0.019507 -0.017015 -0.892031 -0.019724 0.999725 -0.012704 -3.720995 0.016762 0.013035 0.999775 171.299088
0.999558 0.023340 -0.018395 -0.936163 -0.023598 0.999624 -0.013983 -3.768169 0.018062 0.014411 0.999733 172.728516
0.999472 0.026569 -0.018719 -0.981338 -0.026820 0.999552 -0.013279 -3.813615 0.018358 0.013774 0.999737 174.162613
0.999406 0.028745 -0.019001 -1.015187 -0.028959 0.999519 -0.011082 -3.853281 0.018673 0.011626 0.999758 175.570679
0.999395 0.029341 -0.018669 -1.052578 -0.029507 0.999527 -0.008682 -3.897499 0.018406 0.009227 0.999788 176.967880
0.999415 0.028709 -0.018601 -1.082135 -0.028864 0.999551 -0.008092 -3.930308 0.018361 0.008624 0.999794 178.362305
0.999439 0.027879 -0.018560 -1.111521 -0.028026 0.999577 -0.007736 -3.967086 0.018337 0.008252 0.999798 179.781723
0.999463 0.027061 -0.018469 -1.144254 -0.027193 0.999606 -0.006934 -4.008303 0.018274 0.007433 0.999805 181.168182
0.999475 0.026769 -0.018227 -1.167558 -0.026893 0.999617 -0.006574 -4.055766 0.018044 0.007060 0.999812 182.544678
0.999504 0.026103 -0.017617 -1.192725 -0.026204 0.999641 -0.005522 -4.097799 0.017466 0.005981 0.999830 183.947693
0.999521 0.025407 -0.017690 -1.210011 -0.025475 0.999669 -0.003646 -4.147457 0.017592 0.004095 0.999837 185.356186
0.999563 0.023460 -0.017967 -1.229370 -0.023521 0.999718 -0.003197 -4.185596 0.017886 0.003619 0.999833 186.752838
0.999514 0.025240 -0.018269 -1.268126 -0.025358 0.999659 -0.006246 -4.230340 0.018105 0.006706 0.999814 188.142792
0.999376 0.030036 -0.018571 -1.318357 -0.030239 0.999485 -0.010743 -4.267895 0.018239 0.011298 0.999770 189.548798
0.999109 0.038341 -0.017640 -1.380553 -0.038544 0.999192 -0.011357 -4.306633 0.017190 0.012027 0.999780 190.963165
0.998827 0.045400 -0.016838 -1.443334 -0.045553 0.998923 -0.008805 -4.342267 0.016421 0.009562 0.999819 192.382019
0.998730 0.047643 -0.016359 -1.483585 -0.047759 0.998836 -0.006781 -4.378895 0.016017 0.007554 0.999843 193.818390
0.998741 0.047091 -0.017273 -1.507236 -0.047205 0.998866 -0.006256 -4.414983 0.016959 0.007064 0.999831 195.247467
0.998800 0.045244 -0.018734 -1.528980 -0.045370 0.998950 -0.006372 -4.453994 0.018426 0.007214 0.999804 196.669754
0.998809 0.044489 -0.020016 -1.560615 -0.044627 0.998982 -0.006539 -4.499549 0.019705 0.007425 0.999778 198.107941
0.998739 0.045516 -0.021206 -1.597952 -0.045678 0.998930 -0.007206 -4.541802 0.020855 0.008166 0.999749 199.564102
0.998633 0.047403 -0.022044 -1.641878 -0.047564 0.998845 -0.006851 -4.585749 0.021694 0.007890 0.999734 201.008926
0.998536 0.049194 -0.022514 -1.680593 -0.049347 0.998762 -0.006323 -4.621688 0.022175 0.007425 0.999727 202.447540
0.998505 0.049598 -0.022991 -1.717432 -0.049773 0.998735 -0.007078 -4.660318 0.022611 0.008212 0.999711 203.896713
0.998493 0.049515 -0.023656 -1.757963 -0.049714 0.998732 -0.007878 -4.699607 0.023236 0.009042 0.999689 205.360565
0.998466 0.049574 -0.024657 -1.801599 -0.049790 0.998726 -0.008202 -4.742721 0.024219 0.009417 0.999662 206.809082
0.998385 0.050807 -0.025405 -1.853497 -0.051033 0.998662 -0.008341 -4.785980 0.024947 0.009624 0.999642 208.256912
0.998349 0.051129 -0.026158 -1.903995 -0.051369 0.998643 -0.008569 -4.828481 0.025685 0.009899 0.999621 209.724609
0.998338 0.051132 -0.026580 -1.952361 -0.051385 0.998639 -0.008926 -4.869834 0.026087 0.010277 0.999607 211.188110
0.998287 0.051680 -0.027432 -2.001128 -0.051942 0.998610 -0.008921 -4.910270 0.026933 0.010331 0.999584 212.664230
0.998250 0.052095 -0.027998 -2.050272 -0.052369 0.998586 -0.009166 -4.954957 0.027481 0.010616 0.999566 214.148209
0.998174 0.053181 -0.028656 -2.105727 -0.053464 0.998527 -0.009201 -4.997848 0.028125 0.010716 0.999547 215.618607
0.998127 0.053802 -0.029109 -2.160303 -0.054087 0.998495 -0.009066 -5.043424 0.028577 0.010623 0.999535 217.097198
0.998115 0.053766 -0.029575 -2.213292 -0.054075 0.998489 -0.009748 -5.084138 0.029006 0.011329 0.999515 218.581650
0.998119 0.053655 -0.029661 -2.267868 -0.053965 0.998495 -0.009750 -5.128620 0.029093 0.011332 0.999512 220.065094
0.998100 0.053764 -0.030092 -2.320158 -0.054062 0.998495 -0.009176 -5.174157 0.029553 0.010785 0.999505 221.560242
0.998067 0.054211 -0.030403 -2.374341 -0.054499 0.998476 -0.008728 -5.218255 0.029883 0.010368 0.999500 223.061798
0.997980 0.055597 -0.030736 -2.434835 -0.055892 0.998398 -0.008832 -5.266533 0.030195 0.010532 0.999489 224.559464
0.997939 0.056302 -0.030774 -2.492641 -0.056617 0.998351 -0.009449 -5.308363 0.030192 0.011172 0.999482 226.056396
0.997813 0.058374 -0.031011 -2.557853 -0.058673 0.998238 -0.008806 -5.353331 0.030442 0.010607 0.999480 227.569244
0.997766 0.059099 -0.031142 -2.616545 -0.059340 0.998214 -0.006879 -5.391634 0.030680 0.008712 0.999491 229.086273
0.997783 0.058672 -0.031398 -2.685559 -0.058909 0.998241 -0.006677 -5.429721 0.030951 0.008512 0.999485 230.598969
0.997759 0.058997 -0.031576 -2.747320 -0.059287 0.998206 -0.008297 -5.469110 0.031030 0.010150 0.999467 232.101486
0.997737 0.059415 -0.031475 -2.807941 -0.059744 0.998167 -0.009617 -5.510124 0.030846 0.011475 0.999458 233.613556
0.997658 0.060644 -0.031629 -2.869790 -0.060966 0.998096 -0.009322 -5.553088 0.031003 0.011228 0.999456 235.129013
0.997616 0.060979 -0.032322 -2.932483 -0.061286 0.998083 -0.008592 -5.597412 0.031736 0.010552 0.999441 236.647430
0.997583 0.061454 -0.032442 -2.992717 -0.061743 0.998060 -0.007994 -5.642432 0.031888 0.009977 0.999442 238.160797
0.997477 0.062856 -0.032984 -3.052036 -0.063150 0.997972 -0.007942 -5.689192 0.032418 0.010005 0.999424 239.677216
0.997288 0.065568 -0.033435 -3.120874 -0.065867 0.997797 -0.007920 -5.735161 0.032842 0.010101 0.999409 241.203583
0.997198 0.066997 -0.033285 -3.185612 -0.067293 0.997702 -0.007845 -5.780862 0.032683 0.010063 0.999415 242.712967
0.997112 0.068032 -0.033751 -3.245026 -0.068348 0.997627 -0.008316 -5.818316 0.033105 0.010598 0.999396 244.214066
0.997144 0.067531 -0.033812 -3.307189 -0.067846 0.997661 -0.008272 -5.864013 0.033174 0.010542 0.999394 245.743073
0.997159 0.067151 -0.034124 -3.366180 -0.067454 0.997692 -0.007807 -5.899583 0.033521 0.010086 0.999387 247.274048
0.997274 0.065535 -0.033896 -3.426239 -0.065827 0.997802 -0.007576 -5.947068 0.033325 0.009786 0.999397 248.820938
0.997347 0.064413 -0.033906 -3.484911 -0.064734 0.997867 -0.008450 -5.993163 0.033289 0.010622 0.999389 250.363480
0.997427 0.063247 -0.033748 -3.542829 -0.063606 0.997928 -0.009655 -6.038982 0.033068 0.011777 0.999384 251.906204
0.997512 0.061937 -0.033684 -3.597446 -0.062243 0.998028 -0.008124 -6.085190 0.033114 0.010201 0.999400 253.436981
0.997674 0.059310 -0.033595 -3.649326 -0.059569 0.998201 -0.006752 -6.122849 0.033134 0.008737 0.999413 254.964493
0.997799 0.057289 -0.033381 -3.696933 -0.057566 0.998314 -0.007405 -6.163878 0.032900 0.009310 0.999415 256.489075
0.997878 0.056053 -0.033140 -3.744010 -0.056364 0.998374 -0.008508 -6.207994 0.032609 0.010358 0.999415 258.010529
0.997876 0.056569 -0.032316 -3.799942 -0.056886 0.998340 -0.008974 -6.252290 0.031755 0.010793 0.999437 259.517761
0.997844 0.057787 -0.031120 -3.864237 -0.058096 0.998269 -0.009127 -6.297653 0.030538 0.010915 0.999474 261.032104
0.997830 0.058694 -0.029839 -3.922832 -0.058997 0.998214 -0.009373 -6.346808 0.029235 0.011113 0.999511 262.553375
0.997811 0.059431 -0.028990 -3.988625 -0.059732 0.998168 -0.009627 -6.389843 0.028365 0.011337 0.999533 264.070007
0.997843 0.059421 -0.027913 -4.046843 -0.059724 0.998163 -0.010149 -6.429743 0.027258 0.011794 0.999559 265.582184
0.997890 0.059049 -0.026981 -4.104529 -0.059360 0.998178 -0.010860 -6.476194 0.026290 0.012439 0.999577 267.089722
0.997978 0.058095 -0.025802 -4.152171 -0.058414 0.998223 -0.011766 -6.519865 0.025073 0.013249 0.999598 268.612152
0.998036 0.057621 -0.024579 -4.197633 -0.057924 0.998252 -0.011776 -6.569270 0.023858 0.013176 0.999629 270.150238
0.998075 0.057136 -0.024101 -4.235350 -0.057416 0.998289 -0.011090 -6.620511 0.023426 0.012452 0.999648 271.702271
0.998139 0.056259 -0.023532 -4.266605 -0.056534 0.998338 -0.011211 -6.670807 0.022863 0.012521 0.999660 273.242035
0.998268 0.053988 -0.023356 -4.298949 -0.054320 0.998428 -0.013791 -6.723107 0.022574 0.015035 0.999632 274.773499
0.998246 0.054446 -0.023230 -4.338863 -0.054824 0.998369 -0.015951 -6.778971 0.022324 0.017197 0.999603 276.319855
0.998242 0.054324 -0.023707 -4.382413 -0.054710 0.998375 -0.015951 -6.834654 0.022802 0.017220 0.999592 277.877045
0.998272 0.053292 -0.024752 -4.426107 -0.053709 0.998421 -0.016483 -6.888111 0.023835 0.017784 0.999558 279.427216
0.998254 0.053240 -0.025578 -4.467660 -0.053686 0.998412 -0.017078 -6.948497 0.024628 0.018421 0.999527 280.976929
0.998213 0.053812 -0.025979 -4.514082 -0.054269 0.998378 -0.017224 -7.007517 0.025010 0.018603 0.999514 282.536255
0.998189 0.053949 -0.026607 -4.563383 -0.054416 0.998371 -0.017152 -7.062883 0.025638 0.018568 0.999499 284.087402
0.998174 0.054196 -0.026662 -4.609760 -0.054659 0.998361 -0.016972 -7.123547 0.025698 0.018398 0.999500 285.634064
0.998186 0.053721 -0.027197 -4.656390 -0.054157 0.998411 -0.015573 -7.176595 0.026317 0.017018 0.999509 287.192322
0.998122 0.054840 -0.027309 -4.706869 -0.055244 0.998371 -0.014259 -7.233688 0.026482 0.015741 0.999525 288.770599
0.998092 0.055430 -0.027184 -4.757952 -0.055834 0.998337 -0.014324 -7.286210 0.026345 0.015815 0.999528 290.323853
0.998108 0.055779 -0.025854 -4.807918 -0.056166 0.998317 -0.014469 -7.337842 0.025003 0.015894 0.999561 291.883759
0.998218 0.053980 -0.025437 -4.854876 -0.054368 0.998412 -0.014781 -7.387249 0.024598 0.016137 0.999567 293.453857
0.998346 0.051591 -0.025363 -4.884122 -0.052002 0.998521 -0.015846 -7.437985 0.024508 0.017139 0.999553 295.036041
0.998438 0.049966 -0.025007 -4.921692 -0.050402 0.998582 -0.017117 -7.499960 0.024116 0.018351 0.999541 296.623718
0.998461 0.049337 -0.025342 -4.968142 -0.049799 0.998598 -0.017933 -7.559284 0.024421 0.019167 0.999518 298.219330
0.998420 0.049232 -0.027084 -5.009679 -0.049751 0.998584 -0.018817 -7.621596 0.026120 0.020135 0.999456 299.824493
0.998338 0.049757 -0.029074 -5.049251 -0.050306 0.998563 -0.018469 -7.681275 0.028114 0.019901 0.999407 301.439087
0.998291 0.050376 -0.029605 -5.098894 -0.050848 0.998588 -0.015407 -7.739536 0.028787 0.016886 0.999443 303.058075
0.998436 0.048197 -0.028325 -5.144104 -0.048530 0.998759 -0.011181 -7.794312 0.027751 0.012538 0.999536 304.764130
0.998498 0.047090 -0.027986 -5.191444 -0.047451 0.998797 -0.012367 -7.852020 0.027370 0.013677 0.999532 306.417572
0.998522 0.046619 -0.027944 -5.234463 -0.046989 0.998814 -0.012741 -7.904414 0.027317 0.014036 0.999528 308.039459
0.998562 0.046257 -0.027108 -5.286430 -0.046607 0.998836 -0.012429 -7.962452 0.026501 0.013675 0.999555 309.662750
0.998546 0.046958 -0.026458 -5.326714 -0.047298 0.998804 -0.012387 -8.022334 0.025845 0.013621 0.999573 311.293884
0.998531 0.047980 -0.025172 -5.423977 -0.048323 0.998744 -0.013217 -8.068649 0.024507 0.014414 0.999596 313.080536
0.998570 0.047625 -0.024292 -5.474526 -0.047929 0.998778 -0.012084 -8.122778 0.023687 0.013231 0.999632 314.748566
0.998616 0.046848 -0.023888 -5.521430 -0.047126 0.998826 -0.011221 -8.178219 0.023334 0.012331 0.999652 316.384735
0.998613 0.046613 -0.024463 -5.569646 -0.046918 0.998826 -0.012036 -8.235165 0.023873 0.013167 0.999628 317.998810
0.998553 0.047976 -0.024310 -5.627214 -0.048310 0.998743 -0.013380 -8.282678 0.023637 0.014535 0.999615 319.742188
0.998462 0.049490 -0.024969 -5.683019 -0.049893 0.998630 -0.015779 -8.343844 0.024154 0.017000 0.999564 321.373627
0.998396 0.050583 -0.025421 -5.732044 -0.050997 0.998572 -0.015928 -8.398888 0.024579 0.017199 0.999550 322.997314
0.998351 0.051211 -0.025926 -5.777384 -0.051573 0.998578 -0.013512 -8.454257 0.025197 0.014827 0.999573 324.615509
0.998287 0.051870 -0.027066 -5.796587 -0.052194 0.998572 -0.011418 -8.507258 0.026435 0.012811 0.999568 326.484161
0.998267 0.051402 -0.028643 -5.842612 -0.051787 0.998576 -0.012848 -8.564358 0.027942 0.014309 0.999507 328.122894
0.998263 0.050577 -0.030208 -5.890477 -0.050957 0.998630 -0.011937 -8.617957 0.029563 0.013456 0.999472 329.732422
0.998406 0.048085 -0.029563 -5.926105 -0.048449 0.998757 -0.011718 -8.681080 0.028963 0.013131 0.999494 331.522278
0.998424 0.047376 -0.030075 -5.973296 -0.047756 0.998787 -0.012028 -8.740396 0.029469 0.013446 0.999475 333.143707
0.998436 0.047094 -0.030141 -6.027177 -0.047477 0.998799 -0.012105 -8.793058 0.029535 0.013517 0.999472 334.713379
0.998450 0.046603 -0.030422 -6.085471 -0.046987 0.998823 -0.012006 -8.852119 0.029827 0.013417 0.999465 336.308624
0.998483 0.045782 -0.030584 -6.133014 -0.046179 0.998856 -0.012392 -8.912014 0.029981 0.013785 0.999455 337.889343
0.998623 0.043967 -0.028634 -6.209491 -0.044354 0.998931 -0.013023 -8.959109 0.028031 0.014275 0.999505 339.648743
0.998624 0.044023 -0.028511 -6.268069 -0.044429 0.998918 -0.013750 -9.016129 0.027875 0.014997 0.999499 341.260010
0.998669 0.043025 -0.028432 -6.312299 -0.043456 0.998947 -0.014722 -9.076788 0.027769 0.015937 0.999487 342.838715
0.998695 0.042314 -0.028598 -6.355018 -0.042718 0.998994 -0.013663 -9.132574 0.027991 0.014866 0.999498 344.424744
0.998746 0.040792 -0.029009 -6.402254 -0.041166 0.999076 -0.012384 -9.194530 0.028477 0.013562 0.999502 346.016632
0.998870 0.040154 -0.025436 -6.460538 -0.040516 0.999082 -0.013900 -9.245840 0.024855 0.014915 0.999580 347.866241
0.998865 0.043090 -0.020310 -6.545327 -0.043351 0.998981 -0.012577 -9.299192 0.019748 0.013443 0.999715 349.907288
0.998879 0.042904 -0.019987 -6.593722 -0.043160 0.998989 -0.012554 -9.354490 0.019428 0.013402 0.999721 351.644592
0.998859 0.043479 -0.019767 -6.634192 -0.043748 0.998953 -0.013369 -9.409266 0.019165 0.014219 0.999715 353.287018
0.998887 0.043084 -0.019211 -6.680027 -0.043354 0.998964 -0.013819 -9.462313 0.018596 0.014636 0.999720 354.906525
0.998887 0.043704 -0.017745 -6.735754 -0.043998 0.998894 -0.016569 -9.468608 0.017002 0.017332 0.999705 356.440613
0.998837 0.045176 -0.016838 -6.770729 -0.045465 0.998818 -0.017182 -9.530216 0.016042 0.017928 0.999711 358.035828
0.998813 0.045945 -0.016196 -6.811055 -0.046222 0.998784 -0.017120 -9.588824 0.015390 0.017848 0.999722 359.658691
0.998743 0.047633 -0.015604 -6.841024 -0.047888 0.998718 -0.016409 -9.647735 0.014802 0.017135 0.999744 361.285400
0.998704 0.048529 -0.015351 -6.878785 -0.048777 0.998678 -0.016203 -9.707644 0.014545 0.016931 0.999751 362.930634
