1.000000 0.000000 0.000000 0.000000 0.000000 1.000000 0.000000 0.000000 0.000000 0.000000 1.000000 0.000000
1.000000 -0.000549 0.000316 -0.005087 0.000548 0.999999 0.001426 -0.026284 -0.000317 -0.001426 0.999999 1.224983
0.999999 -0.001662 -0.000447 -0.008623 0.001662 0.999997 0.001810 -0.052212 0.000444 -0.001811 0.999998 2.567547
0.999996 -0.002850 -0.000828 -0.011732 0.002851 0.999995 0.001104 -0.083920 0.000824 -0.001106 0.999999 3.898400
0.999996 -0.002924 -0.000604 -0.018968 0.002925 0.999995 0.001208 -0.112645 0.000601 -0.001210 0.999999 5.212202
0.999994 -0.003273 -0.000723 -0.026390 0.003275 0.999993 0.001993 -0.135099 0.000716 -0.001996 0.999998 6.543750
0.999990 -0.004434 -0.000704 -0.030965 0.004437 0.999985 0.003244 -0.165743 0.000690 -0.003247 0.999995 7.879023
0.999989 -0.004527 -0.001095 -0.038740 0.004531 0.999982 0.003893 -0.193876 0.001077 -0.003898 0.999992 9.214382
0.999992 -0.003781 -0.001404 -0.050965 0.003785 0.999989 0.002660 -0.224421 0.001394 -0.002665 0.999995 10.542043
0.999998 -0.001455 -0.001405 -0.071075 0.001456 0.999999 0.000913 -0.251463 0.001404 -0.000915 0.999999 11.870609
0.999997 0.002148 -0.001421 -0.092241 -0.002148 0.999998 -0.000059 -0.283820 0.001420 0.000062 0.999999 13.210480
0.999986 0.005073 -0.001303 -0.112610 -0.005073 0.999987 -0.000273 -0.307932 0.001302 0.000280 0.999999 14.550556
0.999980 0.006116 -0.001366 -0.123852 -0.006115 0.999981 0.000522 -0.335004 0.001369 -0.000514 0.999999 15.900049
0.999990 0.004440 -0.001069 -0.126166 -0.004437 0.999986 0.002784 -0.354542 0.001081 -0.002779 0.999996 17.251009
1.000000 0.000262 -0.000932 -0.119249 -0.000258 0.999989 0.004613 -0.376778 0.000934 -0.004613 0.999989 18.608126
0.999995 -0.002743 -0.001300 -0.120876 0.002748 0.999991 0.003339 -0.411580 0.001291 -0.003343 0.999994 19.968014
0.999993 -0.003462 -0.001474 -0.123180 0.003463 0.999993 0.001070 -0.432551 0.001470 -0.001075 0.999998 21.314667
0.999999 -0.001091 -0.000903 -0.138942 0.001092 0.999999 0.000494 -0.489510 0.000903 -0.000495 0.999999 22.664928
0.999998 0.001755 -0.000366 -0.158312 -0.001754 0.999997 0.001663 -0.500727 0.000369 -0.001663 0.999999 24.033033
0.999996 0.002951 0.000278 -0.171912 -0.002953 0.999981 0.005362 -0.524761 -0.000262 -0.005363 0.999986 25.419626
1.000000 -0.000110 0.000247 -0.165152 0.000109 0.999979 0.006474 -0.529170 -0.000248 -0.006474 0.999979 26.797697
0.999994 -0.003568 -0.000055 -0.165973 0.003568 0.999977 0.005791 -0.559449 0.000034 -0.005791 0.999983 28.166042
0.999989 -0.004617 -0.000082 -0.172563 0.004618 0.999983 0.003441 -0.577985 0.000066 -0.003442 0.999994 29.534365
0.999990 -0.004430 0.000546 -0.179266 0.004429 0.999988 0.001829 -0.621387 -0.000554 -0.001827 0.999998 30.914446
0.999998 -0.001504 0.001079 -0.206477 0.001504 0.999999 0.000636 -0.643162 -0.001080 -0.000635 0.999999 32.282703
0.999999 -0.000111 0.001492 -0.217206 0.000112 1.000000 -0.000893 -0.674877 -0.001492 0.000893 0.999999 33.670155
0.999998 0.001265 0.001416 -0.221991 -0.001264 0.999999 -0.000968 -0.704021 -0.001418 0.000966 0.999999 35.057037
0.999998 0.001303 0.001282 -0.229317 -0.001303 0.999999 0.000264 -0.741136 -0.001282 -0.000266 0.999999 36.443638
0.999997 0.002305 0.000791 -0.237877 -0.002306 0.999995 0.001946 -0.767509 -0.000786 -0.001947 0.999998 37.843773
0.999991 0.004151 0.000617 -0.249696 -0.004153 0.999988 0.002518 -0.796134 -0.000606 -0.002520 0.999997 39.233753
0.999978 0.006545 0.000959 -0.257992 -0.006548 0.999976 0.002444 -0.822947 -0.000943 -0.002450 0.999997 40.631454
0.999959 0.009013 0.000782 -0.272136 -0.009015 0.999956 0.002774 -0.848071 -0.000757 -0.002781 0.999996 42.026184
0.999950 0.009992 0.000521 -0.288374 -0.009993 0.999946 0.002830 -0.869874 -0.000492 -0.002835 0.999996 43.428555
0.999957 0.009290 0.000286 -0.295452 -0.009291 0.999953 0.002729 -0.896989 -0.000260 -0.002731 0.999996 44.828587
0.999962 0.008662 -0.000470 -0.298493 -0.008661 0.999960 0.002445 -0.927410 0.000492 -0.002441 0.999997 46.234077
0.999963 0.008532 -0.001351 -0.309271 -0.008528 0.999960 0.002713 -0.957835 0.001374 -0.002701 0.999995 47.646812
0.999961 0.008472 -0.002337 -0.315791 -0.008463 0.999958 0.003560 -0.985022 0.002367 -0.003540 0.999991 49.068031
0.999954 0.008968 -0.003292 -0.328978 -0.008956 0.999953 0.003827 -1.014565 0.003326 -0.003797 0.999987 50.475086
0.999944 0.009451 -0.004702 -0.335971 -0.009433 0.999948 0.003908 -1.044673 0.004739 -0.003864 0.999981 51.895641
0.999938 0.009514 -0.005821 -0.348867 -0.009485 0.999942 0.005049 -1.070365 0.005869 -0.004994 0.999970 53.312428
0.999940 0.008644 -0.006699 -0.365099 -0.008604 0.999945 0.005934 -1.090017 0.006750 -0.005876 0.999960 54.735260
0.999962 0.004908 -0.007265 -0.372984 -0.004863 0.999970 0.006089 -1.119338 0.007295 -0.006053 0.999955 56.311275
0.999966 0.003786 -0.007331 -0.382463 -0.003739 0.999972 0.006421 -1.146646 0.007355 -0.006394 0.999952 57.766430
0.999972 0.002858 -0.006921 -0.403102 -0.002809 0.999971 0.007143 -1.171578 0.006941 -0.007123 0.999951 59.191700
0.999978 0.001195 -0.006513 -0.413887 -0.001144 0.999968 0.007886 -1.196530 0.006522 -0.007879 0.999948 60.614895
0.999982 -0.000984 -0.005927 -0.423883 0.001029 0.999971 0.007594 -1.220116 0.005919 -0.007600 0.999954 62.032803
0.999982 -0.002244 -0.005622 -0.439635 0.002283 0.999974 0.006905 -1.243016 0.005607 -0.006917 0.999960 63.452438
0.999984 -0.002457 -0.005149 -0.454864 0.002493 0.999973 0.006908 -1.275422 0.005132 -0.006921 0.999963 64.871796
0.999989 -0.000479 -0.004581 -0.473018 0.000511 0.999976 0.006959 -1.305746 0.004577 -0.006961 0.999965 66.286659
0.999976 0.006149 -0.003310 -0.505864 -0.006118 0.999937 0.009366 -1.327039 0.003367 -0.009346 0.999951 67.769218
0.999955 0.009111 -0.002532 -0.528922 -0.009085 0.999907 0.010192 -1.352356 0.002624 -0.010169 0.999945 69.166687
0.999911 0.013169 -0.002129 -0.551089 -0.013147 0.999864 0.009954 -1.376133 0.002260 -0.009925 0.999948 70.569984
0.999860 0.016715 -0.001143 -0.582352 -0.016703 0.999816 0.009446 -1.396774 0.001301 -0.009426 0.999955 71.973129
0.999801 0.019936 -0.000160 -0.597785 -0.019933 0.999756 0.009503 -1.416934 0.000350 -0.009498 0.999955 73.391365
0.999843 0.017746 -0.000197 -0.604931 -0.017743 0.999799 0.009367 -1.435758 0.000363 -0.009362 0.999956 74.760590
0.999847 0.017507 -0.000254 -0.613434 -0.017504 0.999809 0.008662 -1.463292 0.000406 -0.008656 0.999962 76.153145
0.999853 0.017141 -0.000621 -0.620997 -0.017135 0.999814 0.008841 -1.486601 0.000773 -0.008829 0.999961 77.531532
0.999873 0.015859 -0.001766 -0.627345 -0.015844 0.999837 0.008626 -1.507423 0.001903 -0.008597 0.999961 78.924263
0.999866 0.016146 -0.002506 -0.638283 -0.016122 0.999829 0.009027 -1.526458 0.002651 -0.008986 0.999956 80.281685
0.999871 0.015728 -0.003207 -0.650758 -0.015696 0.999831 0.009580 -1.552945 0.003357 -0.009528 0.999949 81.647118
0.999891 0.014095 -0.004332 -0.657602 -0.014047 0.999844 0.010753 -1.568765 0.004483 -0.010691 0.999933 83.020088
0.999908 0.012224 -0.005835 -0.666314 -0.012157 0.999862 0.011360 -1.592301 0.005973 -0.011288 0.999918 84.400673
0.999935 0.009144 -0.006800 -0.673340 -0.009067 0.999894 0.011349 -1.607174 0.006903 -0.011287 0.999913 85.760109
0.999940 0.008030 -0.007406 -0.689959 -0.007947 0.999906 0.011160 -1.633437 0.007495 -0.011100 0.999910 87.105141
0.999941 0.007573 -0.007806 -0.701216 -0.007487 0.999912 0.010981 -1.656103 0.007889 -0.010922 0.999909 88.465973
0.999940 0.007601 -0.007936 -0.722301 -0.007516 0.999915 0.010689 -1.677473 0.008016 -0.010629 0.999911 89.836433
0.999940 0.007398 -0.008039 -0.732341 -0.007317 0.999923 0.010062 -1.694536 0.008112 -0.010002 0.999917 91.185814
0.999937 0.007931 -0.007925 -0.752426 -0.007855 0.999923 0.009598 -1.718120 0.008001 -0.009535 0.999923 92.522186
0.999928 0.009254 -0.007643 -0.779918 -0.009180 0.999911 0.009675 -1.731680 0.007732 -0.009604 0.999924 93.888550
0.999920 0.010219 -0.007446 -0.801542 -0.010135 0.999887 0.011130 -1.754798 0.007559 -0.011054 0.999910 95.240059
0.999911 0.011047 -0.007513 -0.820415 -0.010954 0.999864 0.012358 -1.770906 0.007648 -0.012275 0.999895 96.590919
0.999922 0.009868 -0.007639 -0.836366 -0.009779 0.999885 0.011577 -1.794941 0.007752 -0.011501 0.999904 97.945831
0.999923 0.009901 -0.007419 -0.846566 -0.009831 0.999907 0.009411 -1.811848 0.007511 -0.009338 0.999928 99.277359
0.999928 0.009347 -0.007501 -0.862847 -0.009286 0.999924 0.008153 -1.828108 0.007577 -0.008083 0.999939 100.605026
0.999941 0.007859 -0.007560 -0.874443 -0.007790 0.999928 0.009162 -1.843246 0.007631 -0.009102 0.999929 101.952324
0.999961 0.005310 -0.007114 -0.880971 -0.005232 0.999926 0.010974 -1.858845 0.007172 -0.010936 0.999914 103.288361
0.999974 0.003391 -0.006435 -0.889698 -0.003314 0.999922 0.012006 -1.883862 0.006476 -0.011984 0.999907 104.626984
0.999982 0.003464 -0.004887 -0.903620 -0.003419 0.999951 0.009276 -1.898419 0.004919 -0.009260 0.999945 106.038002
0.999975 0.006092 -0.003632 -0.923792 -0.006065 0.999954 0.007462 -1.925048 0.003677 -0.007439 0.999966 107.401573
0.999955 0.009173 -0.002241 -0.941384 -0.009157 0.999933 0.007067 -1.942742 0.002305 -0.007046 0.999973 108.731926
0.999940 0.010885 -0.000893 -0.956031 -0.010877 0.999902 0.008788 -1.954994 0.000988 -0.008777 0.999961 110.086456
0.999948 0.010158 -0.000201 -0.966528 -0.010155 0.999888 0.010960 -1.972134 0.000313 -0.010958 0.999940 111.435249
0.999961 0.008856 0.000659 -0.972147 -0.008864 0.999892 0.011762 -1.991383 -0.000555 -0.011768 0.999931 112.774101
0.999956 0.009252 0.001703 -0.981588 -0.009271 0.999891 0.011491 -2.010327 -0.001596 -0.011506 0.999933 114.116913
0.999930 0.011542 0.002664 -0.996194 -0.011570 0.999873 0.010955 -2.028324 -0.002537 -0.010985 0.999936 115.455215
0.999907 0.013103 0.003840 -1.007973 -0.013143 0.999856 0.010708 -2.041058 -0.003699 -0.010757 0.999935 116.801720
0.999901 0.013209 0.004939 -1.008383 -0.013258 0.999863 0.009936 -2.057698 -0.004807 -0.010000 0.999938 118.141296
0.999873 0.014719 0.006054 -1.016650 -0.014774 0.999848 0.009243 -2.073172 -0.005917 -0.009332 0.999939 119.477737
0.999870 0.014566 0.006960 -1.020920 -0.014628 0.999853 0.008887 -2.084271 -0.006830 -0.008988 0.999936 120.807449
0.999876 0.013657 0.007866 -1.017917 -0.013734 0.999857 0.009817 -2.105067 -0.007730 -0.009924 0.999921 122.164703
0.999900 0.010798 0.009120 -0.980574 -0.010901 0.999877 0.011298 -2.113626 -0.008996 -0.011396 0.999895 123.577477
0.999923 0.008504 0.009068 -0.978429 -0.008611 0.999894 0.011770 -2.130637 -0.008967 -0.011847 0.999890 124.946342
0.999933 0.007348 0.008893 -0.973194 -0.007457 0.999898 0.012214 -2.151819 -0.008803 -0.012280 0.999886 126.289825
0.999947 0.006204 0.008233 -0.964168 -0.006304 0.999906 0.012167 -2.171147 -0.008157 -0.012219 0.999892 127.633423
0.999960 0.005251 0.007280 -0.965654 -0.005339 0.999912 0.012136 -2.183798 -0.007216 -0.012174 0.999900 128.973785
0.999975 0.003721 0.006023 -0.953341 -0.003798 0.999910 0.012903 -2.201852 -0.005975 -0.012925 0.999899 130.321899
0.999986 0.002430 0.004806 -0.946728 -0.002493 0.999909 0.013283 -2.216705 -0.004773 -0.013295 0.999900 131.663437
0.999992 0.001522 0.003721 -0.946172 -0.001571 0.999910 0.013352 -2.232714 -0.003701 -0.013358 0.999904 133.008713
0.999996 0.001044 0.002566 -0.944690 -0.001077 0.999913 0.013149 -2.248191 -0.002552 -0.013152 0.999910 134.377518
0.999999 -0.000294 0.001248 -0.944832 0.000279 0.999923 0.012401 -2.250821 -0.001252 -0.012400 0.999922 135.725616
0.999999 -0.001444 0.000385 -0.947809 0.001440 0.999944 0.010480 -2.269440 -0.000400 -0.010480 0.999945 137.064957
0.999985 -0.005506 -0.000517 -0.941049 0.005511 0.999937 0.009783 -2.289935 0.000463 -0.009786 0.999952 138.409241
0.999945 -0.010399 -0.001454 -0.928595 0.010415 0.999878 0.011660 -2.306240 0.001332 -0.011674 0.999931 139.771179
0.999800 -0.019758 -0.003171 -0.904578 0.019798 0.999715 0.013338 -2.312192 0.002907 -0.013398 0.999906 141.103790
0.999715 -0.023438 -0.004457 -0.897701 0.023487 0.999660 0.011281 -2.335082 0.004191 -0.011383 0.999926 142.463364
0.999716 -0.023428 -0.004332 -0.901946 0.023464 0.999689 0.008409 -2.358140 0.004133 -0.008509 0.999955 143.773483
0.999795 -0.019948 -0.003366 -0.925171 0.019968 0.999782 0.006127 -2.378297 0.003243 -0.006193 0.999976 145.108154
0.999852 -0.017024 -0.002395 -0.939927 0.017038 0.999838 0.005862 -2.409271 0.002295 -0.005902 0.999980 146.442642
0.999825 -0.018620 -0.001612 -0.942325 0.018633 0.999792 0.008328 -2.425399 0.001457 -0.008356 0.999964 147.789459
0.999717 -0.023777 -0.001219 -0.930955 0.023789 0.999652 0.011394 -2.445683 0.000947 -0.011420 0.999934 149.139664
0.999591 -0.028579 -0.001359 -0.924798 0.028594 0.999507 0.012927 -2.456495 0.000988 -0.012961 0.999916 150.484070
0.999543 -0.030191 -0.001331 -0.922421 0.030206 0.999454 0.013417 -2.484982 0.000925 -0.013451 0.999909 151.830261
0.999583 -0.028854 -0.000591 -0.931808 0.028860 0.999484 0.014116 -2.494194 0.000184 -0.014127 0.999900 153.180542
0.999629 -0.027224 0.000549 -0.947022 0.027214 0.999537 0.013626 -2.501758 -0.000920 -0.013606 0.999907 154.525986
0.999713 -0.023926 0.001488 -0.959264 0.023907 0.999643 0.011940 -2.515321 -0.001773 -0.011901 0.999928 155.873978
0.999773 -0.021170 0.002202 -0.974129 0.021145 0.999715 0.011075 -2.526749 -0.002436 -0.011026 0.999936 157.235748
0.999802 -0.019689 0.002723 -0.986154 0.019654 0.999733 0.012119 -2.533838 -0.002961 -0.012063 0.999923 158.595230
0.999823 -0.018622 0.002673 -0.992020 0.018588 0.999753 0.012197 -2.546651 -0.002900 -0.012145 0.999922 159.961319
0.999827 -0.018483 0.002268 -0.997512 0.018460 0.999778 0.010163 -2.554752 -0.002455 -0.010119 0.999946 161.312637
0.999878 -0.015527 0.001716 -1.012739 0.015514 0.999850 0.007725 -2.570050 -0.001835 -0.007698 0.999969 162.664841
0.999962 -0.008606 0.001571 -1.039469 0.008596 0.999942 0.006515 -2.598856 -0.001627 -0.006501 0.999978 164.038284
0.999990 -0.004011 0.001823 -1.055752 0.003998 0.999967 0.007096 -2.613830 -0.001852 -0.007089 0.999973 165.399780
0.999997 0.000607 0.002355 -1.074105 -0.000628 0.999959 0.009089 -2.637888 -0.002350 -0.009090 0.999956 166.774994
0.999996 0.001367 0.002521 -1.092029 -0.001395 0.999937 0.011153 -2.651081 -0.002506 -0.011156 0.999935 168.178909
0.999998 -0.000274 0.001734 -1.084856 0.000253 0.999927 0.012052 -2.667913 -0.001737 -0.012051 0.999926 169.561661
0.999994 -0.003493 0.000152 -1.087295 0.003491 0.999920 0.012168 -2.678580 -0.000195 -0.012167 0.999926 170.961975
0.999983 -0.005513 -0.001758 -1.088647 0.005528 0.999945 0.008889 -2.697103 0.001709 -0.008899 0.999959 172.353683
0.999990 -0.003150 -0.003291 -1.107670 0.003166 0.999983 0.004954 -2.720430 0.003276 -0.004965 0.999982 173.761276
0.999990 0.001554 -0.004125 -1.134679 -0.001539 0.999992 0.003699 -2.737628 0.004131 -0.003692 0.999985 175.151398
0.999973 0.005976 -0.004329 -1.160717 -0.005956 0.999972 0.004606 -2.763331 0.004356 -0.004580 0.999980 176.547913
0.999956 0.008387 -0.004278 -1.182917 -0.008355 0.999937 0.007547 -2.780006 0.004341 -0.007511 0.999962 177.943100
0.999955 0.008603 -0.004004 -1.197394 -0.008562 0.999913 0.010085 -2.795049 0.004090 -0.010050 0.999941 179.341003
0.999968 0.007016 -0.003850 -1.210455 -0.006974 0.999916 0.010959 -2.802396 0.003927 -0.010932 0.999933 180.726395
0.999977 0.005569 -0.003877 -1.214209 -0.005523 0.999918 0.011575 -2.821530 0.003941 -0.011553 0.999925 182.148270
0.999987 0.003370 -0.003942 -1.223918 -0.003321 0.999919 0.012290 -2.836172 0.003983 -0.012277 0.999917 183.542587
0.999993 0.000931 -0.003742 -1.224993 -0.000884 0.999921 0.012539 -2.849325 0.003753 -0.012536 0.999914 184.951874
0.999992 -0.002346 -0.003275 -1.226079 0.002390 0.999907 0.013420 -2.857680 0.003243 -0.013428 0.999905 186.372543
0.999978 -0.005994 -0.002880 -1.220711 0.006036 0.999873 0.014746 -2.870060 0.002791 -0.014763 0.999887 187.803894
0.999951 -0.009495 -0.002776 -1.221304 0.009536 0.999841 0.015068 -2.881200 0.002632 -0.015093 0.999883 189.229614
0.999960 -0.008545 -0.002620 -1.237941 0.008576 0.999892 0.011915 -2.905576 0.002517 -0.011937 0.999926 190.662537
0.999992 -0.003338 -0.002113 -1.268394 0.003352 0.999971 0.006780 -2.922905 0.002090 -0.006787 0.999975 192.091583
0.999975 0.007018 -0.000951 -1.304404 -0.007012 0.999956 0.006275 -2.940101 0.000995 -0.006268 0.999980 193.520844
0.999890 0.014860 0.000212 -1.343138 -0.014861 0.999846 0.009328 -2.949744 -0.000073 -0.009330 0.999956 194.968323
0.999865 0.016408 0.001193 -1.360580 -0.016421 0.999796 0.011790 -2.959477 -0.000999 -0.011808 0.999930 196.430557
0.999892 0.014646 0.000799 -1.362949 -0.014654 0.999817 0.012274 -2.967361 -0.000619 -0.012284 0.999924 197.878540
0.999932 0.011694 -0.000341 -1.358274 -0.011689 0.999856 0.012317 -2.982489 0.000485 -0.012312 0.999924 199.325333
0.999953 0.009552 -0.001541 -1.358020 -0.009533 0.999882 0.012016 -3.000812 0.001655 -0.012001 0.999927 200.794647
0.999951 0.009624 -0.002237 -1.368148 -0.009597 0.999888 0.011449 -3.016820 0.002347 -0.011427 0.999932 202.257233
0.999929 0.011653 -0.002393 -1.382609 -0.011624 0.999865 0.011648 -3.032696 0.002529 -0.011620 0.999929 203.715668
0.999911 0.013093 -0.002621 -1.400838 -0.013059 0.999837 0.012486 -3.047052 0.002784 -0.012451 0.999919 205.183487
0.999926 0.011799 -0.002933 -1.414362 -0.011762 0.999854 0.012394 -3.057814 0.003079 -0.012358 0.999919 206.662231
0.999930 0.011402 -0.003248 -1.426212 -0.011364 0.999868 0.011592 -3.075123 0.003380 -0.011554 0.999928 208.140747
0.999932 0.011151 -0.003512 -1.431650 -0.011111 0.999877 0.011073 -3.089514 0.003635 -0.011033 0.999933 209.604950
0.999922 0.011874 -0.003918 -1.440937 -0.011830 0.999869 0.011080 -3.108147 0.004049 -0.011033 0.999931 211.075272
0.999919 0.011987 -0.004348 -1.453470 -0.011938 0.999867 0.011124 -3.122265 0.004481 -0.011071 0.999929 212.551132
0.999914 0.012274 -0.004521 -1.469214 -0.012224 0.999867 0.010810 -3.140121 0.004653 -0.010754 0.999931 214.025589
0.999894 0.013720 -0.004926 -1.486883 -0.013667 0.999850 0.010674 -3.158415 0.005072 -0.010606 0.999931 215.514206
0.999897 0.013411 -0.005202 -1.499849 -0.013356 0.999855 0.010612 -3.173506 0.005344 -0.010541 0.999930 217.001236
0.999885 0.014123 -0.005604 -1.519227 -0.014062 0.999843 0.010789 -3.191306 0.005755 -0.010709 0.999926 218.479065
0.999895 0.013348 -0.005650 -1.532538 -0.013286 0.999853 0.010825 -3.206753 0.005794 -0.010749 0.999925 219.950119
0.999910 0.012084 -0.005753 -1.541555 -0.012022 0.999870 0.010734 -3.218034 0.005882 -0.010664 0.999926 221.435226
0.999912 0.012038 -0.005601 -1.564648 -0.011975 0.999867 0.011040 -3.241123 0.005733 -0.010972 0.999923 222.927460
0.999928 0.010610 -0.005548 -1.572678 -0.010545 0.999876 0.011702 -3.258596 0.005672 -0.011642 0.999916 224.430405
0.999934 0.009961 -0.005710 -1.594298 -0.009890 0.999875 0.012333 -3.273725 0.005832 -0.012276 0.999908 225.925720
0.999932 0.010171 -0.005744 -1.609861 -0.010100 0.999875 0.012193 -3.289199 0.005867 -0.012134 0.999909 227.434937
0.999925 0.010913 -0.005623 -1.631675 -0.010846 0.999872 0.011782 -3.307163 0.005751 -0.011721 0.999915 228.935410
0.999905 0.012707 -0.005324 -1.650231 -0.012641 0.999846 0.012177 -3.324560 0.005477 -0.012108 0.999912 230.451157
0.999906 0.012875 -0.004751 -1.668131 -0.012806 0.999817 0.014229 -3.334945 0.004933 -0.014166 0.999887 231.969208
0.999922 0.011682 -0.004411 -1.681009 -0.011614 0.999820 0.015010 -3.345569 0.004586 -0.014958 0.999878 233.476166
0.999924 0.011637 -0.003973 -1.696039 -0.011580 0.999836 0.013914 -3.356173 0.004134 -0.013867 0.999895 234.986954
0.999921 0.012065 -0.003402 -1.711889 -0.012021 0.999848 0.012613 -3.368043 0.003554 -0.012571 0.999915 236.498657
0.999905 0.013420 -0.003039 -1.731745 -0.013380 0.999829 0.012795 -3.378755 0.003210 -0.012753 0.999914 238.015213
0.999906 0.013322 -0.003171 -1.751363 -0.013277 0.999815 0.013906 -3.389086 0.003356 -0.013862 0.999898 239.553162
0.999907 0.013237 -0.003357 -1.759937 -0.013187 0.999807 0.014578 -3.403536 0.003549 -0.014532 0.999888 241.088928
0.999907 0.013166 -0.003633 -1.773437 -0.013111 0.999803 0.014916 -3.413980 0.003829 -0.014867 0.999882 242.623672
0.999893 0.014122 -0.003816 -1.787842 -0.014063 0.999787 0.015131 -3.426868 0.004028 -0.015076 0.999878 244.152435
0.999885 0.014710 -0.003671 -1.797909 -0.014652 0.999774 0.015414 -3.438317 0.003897 -0.015358 0.999874 245.676361
0.999876 0.015247 -0.003917 -1.817150 -0.015184 0.999764 0.015538 -3.441430 0.004153 -0.015476 0.999872 247.211502
0.999891 0.014230 -0.003952 -1.827329 -0.014167 0.999776 0.015744 -3.456354 0.004175 -0.015686 0.999868 248.756363
0.999903 0.013312 -0.003999 -1.828682 -0.013243 0.999773 0.016717 -3.463590 0.004221 -0.016662 0.999852 250.281418
0.999940 0.010156 -0.004096 -1.836470 -0.010083 0.999794 0.017643 -3.478008 0.004275 -0.017600 0.999836 251.824295
0.999958 0.007912 -0.004586 -1.842832 -0.007832 0.999823 0.017106 -3.486965 0.004720 -0.017069 0.999843 253.363846
0.999959 0.007733 -0.004757 -1.857447 -0.007655 0.999839 0.016239 -3.500099 0.004882 -0.016202 0.999857 254.895782
0.999966 0.006999 -0.004290 -1.863513 -0.006922 0.999819 0.017696 -3.510844 0.004413 -0.017665 0.999834 256.433990
0.999983 0.004256 -0.003940 -1.874205 -0.004178 0.999798 0.019651 -3.509938 0.004023 -0.019634 0.999799 257.964355
0.999988 0.002727 -0.003965 -1.883524 -0.002649 0.999806 0.019506 -3.518036 0.004017 -0.019496 0.999802 259.503876
0.999991 0.001812 -0.003808 -1.891966 -0.001741 0.999825 0.018651 -3.522822 0.003841 -0.018644 0.999819 261.021606
0.999989 0.003563 -0.003038 -1.907539 -0.003506 0.999824 0.018444 -3.533738 0.003104 -0.018433 0.999825 262.565704
0.999981 0.005706 -0.002294 -1.929908 -0.005662 0.999811 0.018604 -3.541547 0.002400 -0.018590 0.999824 264.105316
0.999980 0.006113 -0.001336 -1.935129 -0.006087 0.999813 0.018361 -3.546634 0.001448 -0.018353 0.999831 265.642822
0.999967 0.008068 -0.000648 -1.952227 -0.008055 0.999800 0.018290 -3.556697 0.000795 -0.018285 0.999833 267.186462
0.999971 0.007599 0.000245 -1.963326 -0.007602 0.999807 0.018102 -3.558736 -0.000108 -0.018104 0.999836 268.729370
0.999961 0.008738 0.001204 -1.974089 -0.008758 0.999806 0.017656 -3.570520 -0.001050 -0.017666 0.999843 270.261871
0.999965 0.008120 0.001891 -1.982372 -0.008151 0.999819 0.017208 -3.579052 -0.001751 -0.017223 0.999850 271.792175
0.999967 0.007710 0.002635 -1.990153 -0.007755 0.999815 0.017589 -3.583646 -0.002499 -0.017609 0.999842 273.346710
0.999966 0.007565 0.003170 -1.995829 -0.007622 0.999800 0.018503 -3.593857 -0.003029 -0.018526 0.999824 274.883942
0.999975 0.006099 0.003464 -1.991526 -0.006163 0.999802 0.018912 -3.598041 -0.003348 -0.018933 0.999815 276.435699
0.999984 0.004397 0.003509 -1.991530 -0.004456 0.999845 0.017048 -3.611367 -0.003433 -0.017063 0.999849 277.978088
0.999981 0.005066 0.003454 -1.991849 -0.005117 0.999874 0.015046 -3.619272 -0.003377 -0.015063 0.999881 279.523773
0.999984 0.005023 0.002775 -2.002154 -0.005064 0.999874 0.015029 -3.624459 -0.002699 -0.015043 0.999883 281.073303
0.999992 0.003574 0.002005 -2.004584 -0.003604 0.999881 0.015013 -3.634424 -0.001951 -0.015020 0.999885 282.635559
0.999993 0.003755 0.000888 -2.009715 -0.003768 0.999884 0.014740 -3.650494 -0.000833 -0.014743 0.999891 284.190186
0.999989 0.004579 0.000372 -2.013235 -0.004584 0.999886 0.014413 -3.661888 -0.000306 -0.014414 0.999896 285.758087
0.999992 0.004048 -0.000378 -2.018753 -0.004042 0.999885 0.014629 -3.666566 0.000438 -0.014627 0.999893 287.323761
0.999990 0.004309 -0.001082 -2.022566 -0.004292 0.999879 0.014985 -3.683441 0.001147 -0.014980 0.999887 288.887817
0.999988 0.004403 -0.002097 -2.029934 -0.004369 0.999858 0.016287 -3.688996 0.002169 -0.016278 0.999865 290.463593
0.999985 0.004731 -0.002718 -2.049201 -0.004682 0.999830 0.017849 -3.697352 0.002802 -0.017836 0.999837 292.043274
0.999983 0.005319 -0.002260 -2.056367 -0.005277 0.999820 0.018209 -3.701027 0.002357 -0.018196 0.999832 293.613892
0.999984 0.005558 -0.001372 -2.064949 -0.005533 0.999822 0.018014 -3.705974 0.001472 -0.018006 0.999837 295.197754
0.999989 0.004705 -0.000721 -2.074615 -0.004691 0.999825 0.018092 -3.708111 0.000806 -0.018089 0.999836 296.784668
0.999996 0.002811 -0.000561 -2.080338 -0.002801 0.999847 0.017249 -3.708693 0.000609 -0.017247 0.999851 298.369690
1.000000 0.000869 -0.000256 -2.074511 -0.000865 0.999879 0.015538 -3.722368 0.000270 -0.015538 0.999879 299.978607
1.000000 0.000630 0.000013 -2.080372 -0.000630 0.999896 0.014417 -3.726677 -0.000004 -0.014417 0.999896 301.573334
0.999998 0.001400 -0.001587 -2.099864 -0.001378 0.999906 0.013655 -3.739591 0.001606 -0.013653 0.999906 303.184998
0.999989 0.002516 -0.003867 -2.110507 -0.002461 0.999896 0.014189 -3.750637 0.003902 -0.014179 0.999892 304.811951
0.999982 0.004006 -0.004379 -2.130332 -0.003930 0.999845 0.017182 -3.752992 0.004447 -0.017165 0.999843 306.435822
0.999994 0.001034 -0.003397 -2.128953 -0.000960 0.999763 0.021735 -3.749835 0.003419 -0.021732 0.999758 308.166382
0.999994 0.000314 -0.003560 -2.136483 -0.000240 0.999785 0.020734 -3.758322 0.003566 -0.020733 0.999779 309.838928
0.999995 -0.000120 -0.003080 -2.145224 0.000184 0.999787 0.020659 -3.757304 0.003077 -0.020659 0.999782 311.474243
0.999997 -0.000432 -0.002509 -2.163888 0.000484 0.999781 0.020924 -3.759585 0.002499 -0.020925 0.999778 313.121521
0.999997 -0.000381 -0.002364 -2.163296 0.000431 0.999772 0.021351 -3.770378 0.002355 -0.021352 0.999769 314.775818
0.999997 0.001827 -0.001492 -2.217384 -0.001796 0.999790 0.020402 -3.769022 0.001529 -0.020399 0.999791 316.625031
0.999999 0.001060 -0.000569 -2.213204 -0.001047 0.999761 0.021843 -3.769653 0.000592 -0.021842 0.999761 318.300354
1.000000 -0.000433 -0.000491 -2.203480 0.000444 0.999737 0.022911 -3.775183 0.000481 -0.022911 0.999737 319.947693
0.999999 -0.001166 -0.000860 -2.201786 0.001185 0.999753 0.022211 -3.780869 0.000834 -0.022212 0.999753 321.580811
0.999999 0.000810 -0.000690 -2.241349 -0.000795 0.999785 0.020697 -3.779275 0.000707 -0.020696 0.999786 323.399506
0.999996 0.002715 -0.001065 -2.245899 -0.002695 0.999831 0.018208 -3.792076 0.001115 -0.018205 0.999834 325.061554
0.999989 0.004088 -0.002131 -2.252642 -0.004047 0.999820 0.018558 -3.798852 0.002206 -0.018549 0.999826 326.702637
0.999983 0.005051 -0.003008 -2.272088 -0.004986 0.999761 0.021302 -3.806072 0.003115 -0.021286 0.999769 328.332458
0.999971 0.005859 -0.004943 -2.273709 -0.005739 0.999697 0.023953 -3.795334 0.005082 -0.023924 0.999701 330.291809
0.999962 0.005605 -0.006732 -2.287170 -0.005452 0.999729 0.022625 -3.798395 0.006857 -0.022587 0.999721 331.934418
0.999955 0.004566 -0.008326 -2.306611 -0.004370 0.999717 0.023403 -3.796015 0.008430 -0.023365 0.999691 333.559204
0.999959 0.002023 -0.008863 -2.333968 -0.001812 0.999715 0.023807 -3.794994 0.008909 -0.023790 0.999677 335.428558
0.999953 0.001649 -0.009583 -2.347358 -0.001426 0.999729 0.023216 -3.803257 0.009619 -0.023201 0.999685 337.056091
0.999951 0.001845 -0.009704 -2.372897 -0.001622 0.999734 0.023020 -3.800513 0.009744 -0.023003 0.999688 338.641022
0.999952 0.001045 -0.009771 -2.391433 -0.000820 0.999734 0.023028 -3.802631 0.009792 -0.023019 0.999687 340.246002
0.999952 0.000307 -0.009761 -2.407198 -0.000086 0.999744 0.022628 -3.811103 0.009765 -0.022626 0.999696 341.843933
0.999962 -0.000392 -0.008720 -2.462240 0.000587 0.999750 0.022355 -3.804717 0.008709 -0.022360 0.999712 343.691742
0.999961 -0.000490 -0.008801 -2.478157 0.000681 0.999764 0.021704 -3.806805 0.008788 -0.021709 0.999726 345.315216
0.999959 -0.001317 -0.008970 -2.507899 0.001502 0.999784 0.020715 -3.811030 0.008940 -0.020727 0.999745 346.923370
0.999956 -0.002549 -0.008976 -2.523695 0.002743 0.999762 0.021648 -3.807669 0.008919 -0.021671 0.999725 348.531403
0.999948 -0.004582 -0.009145 -2.539475 0.004791 0.999723 0.023027 -3.816947 0.009037 -0.023069 0.999693 350.139099
0.999969 -0.004387 -0.006487 -2.563438 0.004529 0.999744 0.022146 -3.817095 0.006388 -0.022175 0.999734 352.081604
0.999989 -0.001893 -0.004232 -2.617627 0.001992 0.999719 0.023639 -3.808252 0.004186 -0.023647 0.999712 354.166870
0.999990 -0.001661 -0.004228 -2.642363 0.001761 0.999718 0.023676 -3.813013 0.004187 -0.023684 0.999711 355.859619
0.999989 -0.002080 -0.004127 -2.660749 0.002174 0.999734 0.022942 -3.812715 0.004078 -0.022951 0.999728 357.489319
0.999991 -0.001265 -0.004010 -2.676803 0.001356 0.999740 0.022759 -3.808811 0.003981 -0.022765 0.999733 359.089966
0.999996 0.001091 -0.002747 -2.738037 -0.001029 0.999745 0.022543 -3.800565 0.002771 -0.022540 0.999742 360.634888
0.999993 0.002926 -0.002128 -2.755463 -0.002877 0.999744 0.022421 -3.809924 0.002193 -0.022414 0.999746 362.235809
0.999991 0.003807 -0.002119 -2.770932 -0.003758 0.999737 0.022611 -3.812588 0.002204 -0.022603 0.999742 363.869507
0.999980 0.006104 -0.001492 -2.787578 -0.006068 0.999710 0.023318 -3.811310 0.001634 -0.023309 0.999727 365.503479
0.999976 0.006745 -0.001411 -2.801138 -0.006710 0.999694 0.023796 -3.807397 0.001571 -0.023786 0.999716 367.143372
