1.000000 0.000000 0.000000 0.000000 0.000000 1.000000 0.000000 0.000000 0.000000 0.000000 1.000000 0.000000
1.000000 -0.000160 -0.000255 0.002456 0.000160 0.999999 0.001021 0.002287 0.000255 -0.001021 0.999999 1.368196
0.999999 -0.000863 -0.000632 0.005577 0.000863 1.000000 0.000466 0.006018 0.000632 -0.000466 1.000000 2.702726
0.999997 -0.001903 -0.001722 0.040672 0.001901 0.999998 -0.001097 0.001585 0.001724 0.001093 0.999998 4.082755
0.999996 -0.002329 -0.001426 0.041630 0.002327 0.999997 -0.001049 -0.013531 0.001428 0.001046 0.999998 5.401022
0.999997 -0.002548 -0.000436 0.015591 0.002548 0.999997 -0.000619 -0.019343 0.000438 0.000618 1.000000 6.697911
0.999993 -0.003721 -0.000074 0.009509 0.003721 0.999993 -0.000022 -0.021368 0.000074 0.000022 1.000000 8.042515
0.999994 -0.003503 0.000213 -0.003048 0.003503 0.999994 0.000415 -0.033229 -0.000215 -0.000415 1.000000 9.356528
0.999996 -0.002802 0.000787 -0.027937 0.002803 0.999995 -0.001593 -0.043649 -0.000783 0.001595 0.999998 10.669279
1.000000 0.000150 0.000701 -0.024130 -0.000147 0.999990 -0.004404 -0.047251 -0.000701 0.004404 0.999990 12.027840
0.999993 0.003227 0.001857 -0.050290 -0.003217 0.999981 -0.005185 -0.069580 -0.001874 0.005179 0.999985 13.382901
0.999979 0.005623 0.003287 -0.089051 -0.005605 0.999969 -0.005522 -0.087309 -0.003318 0.005503 0.999979 14.709324
0.999973 0.006527 0.003458 -0.087470 -0.006510 0.999967 -0.004891 -0.104975 -0.003490 0.004868 0.999982 16.090717
0.999983 0.003886 0.004450 -0.097941 -0.003875 0.999990 -0.002309 -0.118754 -0.004459 0.002291 0.999987 17.467247
0.999987 -0.000435 0.005172 -0.101867 0.000437 1.000000 -0.000470 -0.142228 -0.005172 0.000472 0.999987 18.846201
0.999982 -0.002279 0.005491 -0.104570 0.002298 0.999991 -0.003546 -0.145940 -0.005483 0.003558 0.999979 20.235699
0.999978 -0.003359 0.005698 -0.102292 0.003392 0.999978 -0.005680 -0.165517 -0.005679 0.005700 0.999968 21.636345
0.999977 -0.001351 0.006589 -0.105457 0.001399 0.999972 -0.007301 -0.189370 -0.006579 0.007310 0.999952 23.022139
0.999972 0.000802 0.007469 -0.095056 -0.000765 0.999987 -0.005035 -0.215299 -0.007473 0.005029 0.999959 24.430416
0.999970 0.001665 0.007572 -0.071354 -0.001653 0.999997 -0.001660 -0.236786 -0.007575 0.001647 0.999970 25.866447
0.999972 -0.000640 0.007447 -0.041470 0.000638 1.000000 0.000297 -0.255059 -0.007447 -0.000293 0.999972 27.285421
0.999964 -0.005401 0.006597 -0.010230 0.005412 0.999984 -0.001737 -0.269446 -0.006587 0.001773 0.999977 28.687792
0.999963 -0.005561 0.006574 0.000198 0.005589 0.999975 -0.004315 -0.283259 -0.006550 0.004352 0.999969 30.087763
0.999955 -0.005920 0.007359 0.000413 0.005973 0.999955 -0.007318 -0.291517 -0.007316 0.007362 0.999946 31.462458
0.999964 -0.003440 0.007743 0.010488 0.003502 0.999962 -0.007995 -0.315715 -0.007715 0.008022 0.999938 32.845516
0.999962 -0.002934 0.008253 0.013463 0.003020 0.999940 -0.010486 -0.329237 -0.008222 0.010511 0.999911 34.230453
0.999965 -0.002751 0.007944 0.027642 0.002834 0.999941 -0.010462 -0.337414 -0.007915 0.010484 0.999914 35.619072
0.999962 -0.003489 0.008035 0.036394 0.003565 0.999949 -0.009488 -0.354460 -0.008001 0.009516 0.999923 36.996998
0.999966 -0.002766 0.007732 0.044767 0.002827 0.999965 -0.007898 -0.381478 -0.007709 0.007920 0.999939 38.404354
0.999972 -0.000709 0.007477 0.060874 0.000768 0.999968 -0.007928 -0.392086 -0.007471 0.007934 0.999941 39.824032
0.999964 0.001062 0.008445 0.050653 -0.000992 0.999965 -0.008310 -0.411923 -0.008453 0.008301 0.999930 41.231884
0.999963 0.002300 0.008338 0.055607 -0.002238 0.999970 -0.007471 -0.440823 -0.008355 0.007452 0.999937 42.666241
0.999962 0.002721 0.008292 0.059195 -0.002654 0.999964 -0.008120 -0.450324 -0.008314 0.008098 0.999933 44.085148
0.999971 0.001880 0.007327 0.077702 -0.001817 0.999961 -0.008636 -0.463455 -0.007343 0.008622 0.999936 45.507915
0.999974 0.002115 0.006839 0.074661 -0.002045 0.999945 -0.010314 -0.462685 -0.006861 0.010300 0.999923 46.926083
0.999980 0.000930 0.006300 0.069398 -0.000865 0.999947 -0.010302 -0.480686 -0.006309 0.010297 0.999927 48.339161
0.999981 0.002767 0.005554 0.059415 -0.002708 0.999941 -0.010557 -0.473018 -0.005582 0.010541 0.999929 49.742447
0.999981 0.002936 0.005446 0.029085 -0.002874 0.999933 -0.011224 -0.487244 -0.005479 0.011208 0.999922 51.127689
0.999987 0.002410 0.004550 0.017608 -0.002361 0.999938 -0.010884 -0.506511 -0.004575 0.010873 0.999930 52.580448
0.999990 0.002013 0.003886 0.000036 -0.001973 0.999944 -0.010390 -0.519224 -0.003907 0.010382 0.999938 54.001411
0.999993 -0.000113 0.003643 -0.018245 0.000150 0.999949 -0.010076 -0.524102 -0.003641 0.010076 0.999943 55.432205
0.999975 -0.005936 0.003900 -0.092795 0.005983 0.999907 -0.012262 -0.499259 -0.003827 0.012285 0.999917 58.364372
0.999966 -0.007173 0.004150 -0.103749 0.007224 0.999897 -0.012401 -0.520492 -0.004061 0.012431 0.999914 59.827316
0.999948 -0.009051 0.004600 -0.105497 0.009106 0.999885 -0.012086 -0.543405 -0.004490 0.012127 0.999916 61.270435
0.999922 -0.011394 0.005177 -0.104942 0.011452 0.999869 -0.011480 -0.561840 -0.005045 0.011538 0.999921 62.707104
0.999880 -0.014496 0.005521 -0.096842 0.014563 0.999820 -0.012194 -0.576899 -0.005343 0.012273 0.999910 64.142509
0.999838 -0.016726 0.006659 -0.107642 0.016815 0.999768 -0.013479 -0.598165 -0.006432 0.013589 0.999887 65.588837
0.999819 -0.017588 0.007302 -0.110285 0.017691 0.999743 -0.014192 -0.620506 -0.007050 0.014319 0.999873 67.028641
0.999836 -0.016154 0.008245 -0.118826 0.016277 0.999754 -0.015077 -0.624572 -0.008000 0.015209 0.999852 68.469254
0.999883 -0.011235 0.010349 -0.173732 0.011383 0.999833 -0.014305 -0.621558 -0.010187 0.014421 0.999844 71.352859
0.999895 -0.008276 0.011884 -0.215568 0.008453 0.999853 -0.014926 -0.608604 -0.011758 0.015025 0.999818 72.795746
0.999906 -0.004939 0.012797 -0.242996 0.005140 0.999863 -0.015752 -0.617191 -0.012717 0.015816 0.999794 74.249031
0.999897 -0.002580 0.014140 -0.280526 0.002825 0.999846 -0.017317 -0.620775 -0.014093 0.017355 0.999750 75.704430
0.999860 -0.003931 0.016293 -0.338918 0.004235 0.999816 -0.018696 -0.610361 -0.016217 0.018762 0.999692 78.646606
0.999842 -0.005255 0.016976 -0.353069 0.005588 0.999792 -0.019615 -0.633059 -0.016869 0.019707 0.999663 80.073311
0.999820 -0.007903 0.017230 -0.345539 0.008263 0.999747 -0.020927 -0.654059 -0.017060 0.021065 0.999633 81.468483
0.999811 -0.008406 0.017541 -0.348456 0.008796 0.999713 -0.022280 -0.663232 -0.017348 0.022430 0.999598 82.883530
0.999787 -0.009124 0.018489 -0.390037 0.009558 0.999679 -0.023477 -0.732957 -0.018268 0.023649 0.999553 85.663795
0.999775 -0.010864 0.018202 -0.391497 0.011293 0.999657 -0.023641 -0.752137 -0.017939 0.023841 0.999555 87.058640
0.999761 -0.012187 0.018151 -0.409589 0.012603 0.999656 -0.022988 -0.794136 -0.017865 0.023211 0.999571 88.471481
0.999734 -0.015185 0.017344 -0.415576 0.015576 0.999622 -0.022671 -0.812893 -0.016993 0.022935 0.999593 89.894432
0.999690 -0.017996 0.017214 -0.431245 0.018392 0.999563 -0.023125 -0.833963 -0.016790 0.023434 0.999584 91.303726
0.999669 -0.019839 0.016371 -0.422632 0.020232 0.999502 -0.024196 -0.856123 -0.015883 0.024519 0.999573 92.737923
0.999638 -0.021523 0.016142 -0.423799 0.021924 0.999445 -0.025060 -0.893229 -0.015594 0.025405 0.999556 94.162735
0.999585 -0.023907 0.016065 -0.418757 0.024321 0.999364 -0.026091 -0.922977 -0.015431 0.026471 0.999530 95.592262
0.999586 -0.023792 0.016194 -0.410116 0.024222 0.999344 -0.026916 -0.968222 -0.015543 0.027297 0.999507 96.953636
0.999578 -0.023710 0.016783 -0.415998 0.024178 0.999309 -0.028218 -1.005909 -0.016102 0.028612 0.999461 98.347443
0.999586 -0.022773 0.017569 -0.421693 0.023275 0.999311 -0.028908 -1.062699 -0.016899 0.029305 0.999428 99.707893
0.999602 -0.021698 0.018045 -0.406068 0.022213 0.999338 -0.028823 -1.115056 -0.017407 0.029212 0.999422 101.079498
0.999585 -0.022095 0.018466 -0.389972 0.022605 0.999355 -0.027898 -1.154912 -0.017838 0.028304 0.999440 102.433525
0.999613 -0.020824 0.018433 -0.371832 0.021317 0.999409 -0.026985 -1.196281 -0.017860 0.027367 0.999466 103.802795
0.999560 -0.022719 0.019051 -0.361298 0.023260 0.999319 -0.028633 -1.241753 -0.018388 0.029064 0.999408 105.158295
0.999550 -0.023025 0.019231 -0.333139 0.023617 0.999237 -0.031112 -1.296734 -0.018500 0.031552 0.999331 106.480270
0.999514 -0.024721 0.018977 -0.316097 0.025338 0.999134 -0.033013 -1.327340 -0.018144 0.033477 0.999275 107.876633
0.999449 -0.026910 0.019421 -0.298047 0.027531 0.999094 -0.032445 -1.368075 -0.018530 0.032962 0.999285 109.234070
0.999363 -0.029490 0.020090 -0.276441 0.030095 0.999080 -0.030548 -1.423323 -0.019171 0.031133 0.999331 110.608597
0.999260 -0.032004 0.021346 -0.260590 0.032645 0.999005 -0.030396 -1.468433 -0.020352 0.031070 0.999310 111.995651
0.999271 -0.029955 0.023649 -0.216882 0.030781 0.998900 -0.035371 -1.559940 -0.022564 0.036073 0.999094 114.706505
0.999285 -0.028246 0.025131 -0.200143 0.029179 0.998868 -0.037579 -1.629538 -0.024041 0.038285 0.998978 116.126228
0.999316 -0.024970 0.027278 -0.196879 0.025990 0.998950 -0.037724 -1.690399 -0.026307 0.038407 0.998916 117.491661
0.999296 -0.024283 0.028596 -0.170176 0.025299 0.999042 -0.035699 -1.766431 -0.027701 0.036397 0.998953 118.862877
0.999242 -0.024471 0.030271 -0.163440 0.025488 0.999107 -0.033710 -1.819773 -0.029419 0.034456 0.998973 120.218933
0.999179 -0.025062 0.031836 -0.151574 0.026118 0.999107 -0.033211 -1.883219 -0.030975 0.034015 0.998941 121.574928
0.999151 -0.023751 0.033673 -0.143662 0.024899 0.999108 -0.034093 -1.945374 -0.032833 0.034902 0.998851 122.965683
0.999097 -0.021976 0.036355 -0.152264 0.023249 0.999118 -0.034972 -1.998479 -0.035554 0.035785 0.998727 124.339203
0.999066 -0.019573 0.038532 -0.150405 0.020979 0.999116 -0.036431 -2.041240 -0.037785 0.037206 0.998593 125.757935
0.998993 -0.018616 0.040814 -0.140818 0.020158 0.999086 -0.037694 -2.110131 -0.040075 0.038479 0.998456 127.145203
0.998944 -0.017235 0.042585 -0.110329 0.018873 0.999085 -0.038380 -2.183507 -0.041885 0.039144 0.998355 128.508102
0.998873 -0.018255 0.043811 -0.065097 0.019965 0.999043 -0.038906 -2.246797 -0.043059 0.039737 0.998282 129.881805
0.998796 -0.018626 0.045385 -0.025285 0.020350 0.999077 -0.037838 -2.317696 -0.044639 0.038716 0.998253 131.224060
0.998645 -0.020544 0.047816 0.057972 0.022309 0.999078 -0.036692 -2.472107 -0.047018 0.037709 0.998182 133.932953
0.998583 -0.022673 0.048137 0.113847 0.024444 0.999033 -0.036538 -2.549973 -0.047262 0.037663 0.998172 135.319916
0.998556 -0.023570 0.048266 0.167715 0.025327 0.999026 -0.036127 -2.620126 -0.047368 0.037298 0.998181 136.705017
0.998551 -0.024880 0.047709 0.231837 0.026637 0.998977 -0.036556 -2.690680 -0.046751 0.037774 0.998192 138.096207
0.998563 -0.025962 0.046874 0.278866 0.027715 0.998925 -0.037151 -2.753918 -0.045859 0.038397 0.998210 139.497940
0.998549 -0.027822 0.046113 0.325517 0.029518 0.998897 -0.036514 -2.820137 -0.045047 0.037822 0.998269 140.866898
0.998539 -0.029890 0.045026 0.385351 0.031540 0.998840 -0.036391 -2.884582 -0.043886 0.037758 0.998323 142.222031
0.998582 -0.030146 0.043882 0.437225 0.031772 0.998816 -0.036846 -2.944652 -0.042719 0.038188 0.998357 143.576904
0.998600 -0.030743 0.043054 0.476503 0.032375 0.998763 -0.037728 -3.006870 -0.041841 0.039069 0.998360 144.938065
0.998611 -0.031150 0.042486 0.522483 0.032777 0.998734 -0.038159 -3.074589 -0.041244 0.039499 0.998368 146.294678
0.998549 -0.033710 0.042006 0.567535 0.035427 0.998539 -0.040806 -3.138787 -0.040569 0.042235 0.998284 147.659332
0.998338 -0.039564 0.041906 0.605956 0.041284 0.998305 -0.041022 -3.213726 -0.040212 0.042684 0.998279 148.997650
0.997996 -0.048029 0.041190 0.660024 0.049614 0.998032 -0.038351 -3.291842 -0.039267 0.040318 0.998415 150.363663
0.997700 -0.054505 0.040293 0.709185 0.056004 0.997742 -0.037060 -3.355649 -0.038183 0.039231 0.998500 151.721237
0.997517 -0.057823 0.040202 0.754480 0.059470 0.997386 -0.041038 -3.410071 -0.037724 0.043327 0.998348 153.073914
0.997511 -0.057215 0.041203 0.796818 0.059034 0.997269 -0.044382 -3.476882 -0.038551 0.046704 0.998165 154.411026
0.997644 -0.053687 0.042703 0.837347 0.055661 0.997368 -0.046462 -3.552529 -0.040096 0.048729 0.998007 155.767502
0.997558 -0.053909 0.044395 0.869159 0.055974 0.997342 -0.046655 -3.627337 -0.041761 0.049026 0.997924 157.074432
0.997303 -0.057909 0.045101 0.922960 0.059852 0.997281 -0.042997 -3.705772 -0.042489 0.045580 0.998057 158.420883
0.996876 -0.063809 0.046546 0.964028 0.065701 0.997024 -0.040318 -3.766670 -0.043834 0.043250 0.998102 159.746582
0.996486 -0.068901 0.047619 1.010819 0.070785 0.996726 -0.039079 -3.818276 -0.044771 0.042312 0.998101 161.083481
0.996315 -0.070643 0.048650 1.052020 0.072596 0.996574 -0.039635 -3.866835 -0.045684 0.043020 0.998029 162.432495
0.996366 -0.068889 0.050099 1.103546 0.070889 0.996709 -0.039310 -3.923711 -0.047226 0.042718 0.997970 163.770813
0.996530 -0.065031 0.051957 1.153096 0.067164 0.996923 -0.040425 -3.982966 -0.049169 0.043774 0.997831 165.119904
0.996654 -0.061836 0.053461 1.191189 0.064156 0.997020 -0.042827 -4.045387 -0.050653 0.046114 0.997651 166.505585
0.996650 -0.060033 0.055551 1.216502 0.062524 0.997062 -0.044258 -4.087452 -0.052731 0.047583 0.997474 167.914810
0.996668 -0.058753 0.056583 1.259912 0.061257 0.997170 -0.043592 -4.150416 -0.053862 0.046913 0.997446 169.320145
0.996705 -0.057050 0.057655 1.295017 0.059666 0.997216 -0.044720 -4.209283 -0.054943 0.048013 0.997334 170.733871
0.996794 -0.055497 0.057633 1.350173 0.058275 0.997161 -0.047693 -4.266869 -0.054822 0.050899 0.997198 172.170212
0.997030 -0.050750 0.057931 1.398614 0.053782 0.997196 -0.052036 -4.314308 -0.055128 0.054997 0.996964 173.602173
0.997243 -0.046822 0.057566 1.480085 0.049903 0.997330 -0.053309 -4.392166 -0.054916 0.056035 0.996917 175.026291
0.997402 -0.042754 0.057979 1.548302 0.045785 0.997597 -0.051997 -4.482248 -0.055616 0.054516 0.996963 176.474976
0.997540 -0.040277 0.057373 1.664236 0.043179 0.997802 -0.050273 -4.572967 -0.055222 0.052627 0.997086 177.929352
0.997567 -0.040155 0.056997 1.759232 0.042906 0.997931 -0.047887 -4.656723 -0.054956 0.050216 0.997225 179.407394
0.997466 -0.043337 0.056415 1.827020 0.046045 0.997803 -0.047626 -4.719721 -0.054227 0.050103 0.997271 180.793854
0.997464 -0.044972 0.055163 1.895630 0.047639 0.997709 -0.048025 -4.793736 -0.052877 0.050531 0.997322 182.198578
0.997515 -0.045956 0.053410 1.971222 0.048763 0.997430 -0.052496 -4.875412 -0.050860 0.054970 0.997192 183.616531
0.997655 -0.044796 0.051742 2.056589 0.047731 0.997235 -0.056951 -4.964749 -0.049047 0.059287 0.997035 185.061050
0.997868 -0.040105 0.051493 2.114997 0.043070 0.997397 -0.057831 -5.048966 -0.049039 0.059926 0.996998 186.466171
0.997974 -0.037437 0.051446 2.175036 0.040375 0.997540 -0.057302 -5.118741 -0.049174 0.059263 0.997030 187.853729
0.997981 -0.036625 0.051892 2.230556 0.039449 0.997735 -0.054494 -5.180379 -0.049779 0.056431 0.997165 189.262268
0.997943 -0.036822 0.052472 2.279733 0.039596 0.997817 -0.052851 -5.256260 -0.050411 0.054820 0.997223 190.682129
0.997875 -0.036918 0.053691 2.304646 0.039757 0.997813 -0.052811 -5.312093 -0.051624 0.054833 0.997160 192.089905
0.997756 -0.039163 0.054310 2.354142 0.041996 0.997762 -0.052036 -5.403365 -0.052151 0.054200 0.997167 193.508652
0.997636 -0.041366 0.054867 2.413455 0.044219 0.997676 -0.051843 -5.483118 -0.052595 0.054146 0.997147 194.937820
0.997436 -0.044189 0.056294 2.448766 0.047141 0.997521 -0.052241 -5.562099 -0.053846 0.054760 0.997047 196.353058
0.997197 -0.047309 0.057966 2.482921 0.050312 0.997406 -0.051476 -5.644984 -0.055380 0.054248 0.996991 197.763870
0.996964 -0.051234 0.058637 2.554492 0.054218 0.997252 -0.050483 -5.720483 -0.055890 0.053509 0.997002 199.218063
0.996751 -0.054554 0.059258 2.624828 0.057593 0.997045 -0.050836 -5.805566 -0.056310 0.054084 0.996947 200.651794
0.996819 -0.052232 0.060204 2.690779 0.055598 0.996901 -0.055660 -5.881601 -0.057110 0.058830 0.996633 202.082748
0.997147 -0.044547 0.060944 2.768092 0.048267 0.996970 -0.060997 -5.968394 -0.058042 0.063765 0.996276 203.494659
0.997420 -0.034509 0.062946 2.809164 0.038371 0.997387 -0.061210 -6.066500 -0.060670 0.063467 0.996138 204.938110
0.997585 -0.027073 0.063958 2.886324 0.030785 0.997855 -0.057780 -6.162262 -0.062257 0.059609 0.996279 206.385529
0.997543 -0.026974 0.064655 2.969197 0.030579 0.997994 -0.055428 -6.266036 -0.063030 0.057269 0.996367 207.828918
0.997468 -0.029389 0.064754 3.049011 0.032965 0.997949 -0.054872 -6.361253 -0.063008 0.056868 0.996392 209.284607
0.997435 -0.032252 0.063902 3.136924 0.035826 0.997810 -0.055595 -6.447835 -0.061969 0.057742 0.996406 210.749298
0.997383 -0.034806 0.063369 3.227448 0.038359 0.997708 -0.055739 -6.554359 -0.061284 0.058024 0.996432 212.232315
0.997368 -0.034947 0.063528 3.298541 0.038530 0.997683 -0.056071 -6.656865 -0.061422 0.058372 0.996404 213.674606
0.997387 -0.033802 0.063843 3.376346 0.037407 0.997722 -0.056144 -6.750611 -0.061800 0.058386 0.996379 215.111984
0.997398 -0.033252 0.063969 3.458908 0.036834 0.997770 -0.055666 -6.833734 -0.061976 0.057877 0.996398 216.588440
0.997376 -0.033646 0.064107 3.541370 0.037270 0.997723 -0.056210 -6.935940 -0.062070 0.058452 0.996359 218.070221
0.997332 -0.034876 0.064122 3.621846 0.038560 0.997621 -0.057140 -7.033463 -0.061977 0.059460 0.996305 219.523972
0.997281 -0.036123 0.064234 3.704790 0.039839 0.997548 -0.057536 -7.126602 -0.061998 0.059938 0.996275 220.961731
0.997245 -0.036907 0.064343 3.784348 0.040641 0.997505 -0.057726 -7.221749 -0.062052 0.060182 0.996257 222.436218
0.997297 -0.036075 0.064007 3.878435 0.039837 0.997492 -0.058498 -7.312831 -0.061736 0.060890 0.996233 223.901382
0.997262 -0.036048 0.064566 3.948842 0.039888 0.997448 -0.059217 -7.400595 -0.062267 0.061631 0.996155 225.377930
0.997258 -0.034892 0.065255 4.009424 0.038796 0.997471 -0.059556 -7.504386 -0.063011 0.061924 0.996090 226.814087
0.997227 -0.035635 0.065338 4.101215 0.039557 0.997429 -0.059749 -7.611387 -0.063040 0.062168 0.996073 228.283432
0.997229 -0.034947 0.065670 4.181061 0.038906 0.997439 -0.060008 -7.711989 -0.063404 0.062396 0.996035 229.773682
0.997148 -0.036865 0.065854 4.272552 0.040830 0.997368 -0.059913 -7.820308 -0.063472 0.062431 0.996029 231.274918
0.996996 -0.039025 0.066904 4.345685 0.043054 0.997277 -0.059875 -7.935734 -0.064385 0.062576 0.995961 232.776840
0.996918 -0.040318 0.067298 4.436922 0.044356 0.997235 -0.059622 -8.046215 -0.064708 0.062423 0.995950 234.282410
0.996784 -0.041689 0.068442 4.515098 0.045765 0.997202 -0.059106 -8.147369 -0.065786 0.062048 0.995903 235.810898
0.996654 -0.042911 0.069563 4.589106 0.047069 0.997131 -0.059284 -8.239529 -0.066820 0.062360 0.995814 237.327835
0.996603 -0.042897 0.070308 4.674237 0.047167 0.997068 -0.060252 -8.330330 -0.067517 0.063363 0.995704 238.889618
0.996534 -0.042407 0.071567 4.752222 0.046832 0.997018 -0.061333 -8.427125 -0.068752 0.064472 0.995548 240.445938
0.996448 -0.041427 0.073312 4.827005 0.045951 0.997071 -0.061139 -8.525396 -0.070564 0.064291 0.995433 241.989777
0.996304 -0.041747 0.075066 4.911850 0.046270 0.997151 -0.059572 -8.621441 -0.072365 0.062825 0.995398 243.511948
0.996185 -0.042584 0.076171 5.024572 0.047154 0.997129 -0.059242 -8.726105 -0.073429 0.062608 0.995333 245.077072
0.996018 -0.042586 0.078322 5.118199 0.047468 0.996974 -0.061560 -8.815355 -0.075464 0.065033 0.995026 246.636734
0.995941 -0.042697 0.079237 5.235962 0.047788 0.996837 -0.063502 -8.910281 -0.076275 0.067030 0.994831 248.210464
0.995880 -0.042930 0.079874 5.358630 0.048075 0.996814 -0.063642 -9.007350 -0.076887 0.067219 0.994771 249.813950
0.995840 -0.043536 0.080052 5.484871 0.048623 0.996845 -0.062735 -9.118810 -0.077068 0.066367 0.994815 251.427094
0.995871 -0.044228 0.079277 5.631851 0.049246 0.996829 -0.062509 -9.230765 -0.076261 0.066155 0.994891 253.024399
0.995884 -0.044832 0.078775 5.770803 0.049824 0.996795 -0.062594 -9.347169 -0.075716 0.066261 0.994925 254.628494
0.995930 -0.043662 0.078853 5.886163 0.048662 0.996850 -0.062630 -9.461607 -0.075870 0.066212 0.994917 256.220306
0.995952 -0.042753 0.079067 5.987278 0.047766 0.996893 -0.062633 -9.590237 -0.076144 0.066156 0.994900 257.863617
0.995900 -0.043073 0.079545 6.070748 0.048118 0.996876 -0.062626 -9.705180 -0.076599 0.066197 0.994862 259.474640
0.995885 -0.044104 0.079169 6.196432 0.049114 0.996836 -0.062495 -9.829635 -0.076162 0.066126 0.994900 261.060822
0.995725 -0.046826 0.079615 6.280808 0.051786 0.996768 -0.061423 -9.954628 -0.076482 0.065283 0.994931 262.668488
0.995491 -0.049479 0.080928 6.342623 0.054511 0.996636 -0.061200 -10.063681 -0.077628 0.065336 0.994839 264.276520
0.995361 -0.052192 0.080821 6.471314 0.057283 0.996431 -0.062001 -10.174680 -0.077297 0.066343 0.994798 265.853149
0.995212 -0.054843 0.080904 6.574883 0.060029 0.996198 -0.063128 -10.286681 -0.077134 0.067682 0.994721 267.503448
0.995021 -0.056530 0.082080 6.682722 0.061678 0.996193 -0.061604 -10.402830 -0.078285 0.066360 0.994720 269.094177
0.994799 -0.059781 0.082473 6.803977 0.064868 0.996061 -0.060448 -10.508839 -0.078535 0.065483 0.994758 270.784180
0.994783 -0.060822 0.081895 6.955247 0.065967 0.995915 -0.061655 -10.614119 -0.077810 0.066736 0.994732 272.408234
0.994633 -0.061626 0.083114 7.059494 0.066961 0.995764 -0.063007 -10.721541 -0.078880 0.068235 0.994546 274.017365
0.994623 -0.061223 0.083531 7.188900 0.066661 0.995725 -0.063945 -10.825098 -0.079259 0.069169 0.994451 275.615479
0.994469 -0.060557 0.085818 7.284299 0.066124 0.995784 -0.063581 -10.952085 -0.081606 0.068904 0.994280 277.186768
0.994345 -0.059923 0.087676 7.389782 0.065646 0.995794 -0.063918 -11.063816 -0.083477 0.069313 0.994096 278.770020
0.994258 -0.058863 0.089366 7.503923 0.064685 0.995870 -0.063711 -11.196264 -0.085247 0.069125 0.993959 280.363220
0.994167 -0.058288 0.090749 7.639415 0.064266 0.995852 -0.064413 -11.306096 -0.086618 0.069869 0.993788 281.943237
0.993962 -0.058674 0.092715 7.745400 0.064851 0.995771 -0.065073 -11.427198 -0.088505 0.070693 0.993564 283.555145
0.993718 -0.060374 0.094232 7.875369 0.066735 0.995594 -0.065878 -11.542459 -0.089839 0.071753 0.993368 285.225586
0.993512 -0.061411 0.095721 8.010129 0.067878 0.995519 -0.065831 -11.658284 -0.091250 0.071901 0.993229 286.891510
0.993291 -0.062856 0.097072 8.137232 0.069418 0.995417 -0.065766 -11.761084 -0.092493 0.072063 0.993102 288.471985
0.992952 -0.064192 0.099627 8.233570 0.070965 0.995293 -0.065998 -11.864655 -0.094921 0.072603 0.992834 290.030823
0.992826 -0.065055 0.100322 8.385682 0.072160 0.995011 -0.068895 -11.979807 -0.095340 0.075640 0.992567 291.598328
0.992705 -0.067304 0.100037 8.551700 0.074624 0.994658 -0.071317 -12.097385 -0.094703 0.078262 0.992425 293.158325
0.992845 -0.067115 0.098762 8.729721 0.074308 0.994701 -0.071048 -12.243230 -0.093470 0.077878 0.992572 294.744171
0.992814 -0.069068 0.097729 8.890113 0.076145 0.994592 -0.070636 -12.388547 -0.092321 0.077570 0.992703 296.334900
0.992981 -0.068843 0.096178 9.076003 0.075886 0.994543 -0.071596 -12.512037 -0.090724 0.078392 0.992786 297.976013
0.993122 -0.069227 0.094427 9.266455 0.076204 0.994460 -0.072397 -12.630396 -0.088892 0.079094 0.992896 299.587799
0.993216 -0.069314 0.093369 9.427827 0.076187 0.994478 -0.072180 -12.762244 -0.087851 0.078803 0.993012 301.184723
0.993341 -0.070022 0.091492 9.613846 0.076763 0.994420 -0.072360 -12.887403 -0.085915 0.078901 0.993173 302.757812
0.993453 -0.070645 0.089783 9.775434 0.077180 0.994448 -0.071524 -13.008478 -0.084231 0.077985 0.993390 304.362244
0.993763 -0.068636 0.087882 9.963132 0.074974 0.994657 -0.070962 -13.128267 -0.082542 0.077109 0.993600 306.037201
0.993767 -0.068558 0.087908 10.117183 0.074912 0.994649 -0.071146 -13.258084 -0.082560 0.077288 0.993585 307.690125
0.993750 -0.068359 0.088249 10.278185 0.074800 0.994605 -0.071868 -13.377780 -0.082860 0.078020 0.993502 309.319183
0.993738 -0.069120 0.087787 10.450012 0.075544 0.994532 -0.072100 -13.512728 -0.082324 0.078281 0.993527 310.962860
0.993712 -0.070741 0.086783 10.624087 0.077222 0.994284 -0.073735 -13.632038 -0.081070 0.079973 0.993495 312.617920
0.993715 -0.072262 0.085485 10.818497 0.078831 0.993976 -0.076140 -13.757321 -0.079468 0.082401 0.993426 314.300995
0.993861 -0.072082 0.083934 11.000656 0.078641 0.993874 -0.077651 -13.889482 -0.077822 0.083775 0.993441 315.994965
0.994216 -0.070446 0.081070 11.155284 0.076909 0.993858 -0.079571 -14.020354 -0.074967 0.085346 0.993527 317.657990
0.994464 -0.069914 0.078444 11.299916 0.076117 0.993957 -0.079093 -14.170091 -0.072440 0.084626 0.993776 319.317291
0.994630 -0.068622 0.077472 11.445579 0.074525 0.994314 -0.076060 -14.309615 -0.071812 0.081425 0.994089 320.995453
0.994426 -0.071548 0.077443 11.723873 0.077217 0.994348 -0.072868 -14.570459 -0.071791 0.078442 0.994330 324.294556
0.994369 -0.072516 0.077279 11.867154 0.078295 0.994137 -0.074578 -14.704186 -0.071417 0.080209 0.994216 325.993469
0.994286 -0.073331 0.077569 11.991176 0.079175 0.994023 -0.075163 -14.834545 -0.071593 0.080875 0.994150 327.686859
0.994321 -0.073371 0.077088 12.144228 0.079187 0.994011 -0.075312 -14.966993 -0.071100 0.080988 0.994176 329.382843
0.994253 -0.073279 0.078046 12.255516 0.079208 0.993972 -0.075799 -15.103152 -0.072021 0.081545 0.994064 331.017303
0.994342 -0.070640 0.079333 12.498772 0.076814 0.994015 -0.077674 -15.382689 -0.073371 0.083329 0.993817 334.320282
0.994129 -0.072716 0.080125 12.614807 0.078812 0.994008 -0.075743 -15.529377 -0.074137 0.081613 0.993903 335.916290
0.994038 -0.073715 0.080335 12.738032 0.079790 0.993968 -0.075234 -15.666720 -0.074305 0.081195 0.993925 337.546753
0.993919 -0.075377 0.080274 12.861981 0.081518 0.993755 -0.076190 -15.817327 -0.074030 0.082270 0.993857 339.190674
0.994208 -0.072034 0.079755 13.117090 0.078314 0.993823 -0.078636 -16.100718 -0.073598 0.084426 0.993708 342.509827
0.994418 -0.070239 0.078737 13.248689 0.076685 0.993671 -0.082078 -16.243584 -0.072474 0.087658 0.993511 344.182892
0.994557 -0.069565 0.077564 13.370583 0.075841 0.993813 -0.081143 -16.412394 -0.071440 0.086584 0.993680 345.833557
0.994689 -0.069850 0.075600 13.505439 0.075714 0.994098 -0.077692 -16.561359 -0.069727 0.083003 0.994107 347.488281
0.994794 -0.068874 0.075114 13.682593 0.074659 0.994220 -0.077149 -16.818033 -0.069367 0.082356 0.994186 350.637451
0.994761 -0.070358 0.074167 13.787187 0.076148 0.994012 -0.078365 -16.971041 -0.068209 0.083602 0.994162 352.214752
0.994749 -0.071782 0.072951 13.883100 0.077423 0.993967 -0.077687 -17.111513 -0.066934 0.082928 0.994305 353.863861
0.994443 -0.075199 0.073672 14.054811 0.080944 0.993632 -0.078379 -17.387115 -0.067309 0.083907 0.994198 357.100586
0.994348 -0.075863 0.074281 14.149691 0.081692 0.993533 -0.078855 -17.550163 -0.067819 0.084478 0.994115 358.729980
0.994213 -0.076543 0.075383 14.238981 0.082465 0.993468 -0.078870 -17.697746 -0.068853 0.084630 0.994031 360.337433
0.993990 -0.077049 0.077766 14.308537 0.083235 0.993337 -0.079712 -17.828691 -0.071106 0.085706 0.993780 361.932068
0.993766 -0.077949 0.079710 14.391262 0.084341 0.993200 -0.080247 -17.981071 -0.072913 0.086470 0.993583 363.551636
0.992974 -0.077986 0.088994 14.399261 0.085242 0.993073 -0.080873 -18.225525 -0.082071 0.087891 0.992743 366.335541
0.992664 -0.077775 0.092575 14.495488 0.085476 0.992932 -0.082346 -18.362366 -0.085516 0.089654 0.992295 367.999939
0.992206 -0.079887 0.095634 14.627579 0.088006 0.992579 -0.083920 -18.508776 -0.088220 0.091683 0.991873 369.778320
0.991969 -0.080766 0.097335 14.775105 0.088965 0.992565 -0.083064 -18.643934 -0.089903 0.091057 0.991779 371.397400
0.991645 -0.083280 0.098510 14.933294 0.091539 0.992376 -0.082526 -18.794352 -0.090886 0.090854 0.991708 373.024719
0.991538 -0.085450 0.097732 15.306688 0.093775 0.992041 -0.084025 -19.086033 -0.089774 0.092479 0.991659 376.228485
0.991619 -0.082052 0.099797 15.607238 0.090459 0.992447 -0.082856 -19.394857 -0.092244 0.091189 0.991552 379.434418
0.991926 -0.080426 0.098057 15.902197 0.088785 0.992495 -0.084092 -19.534588 -0.090558 0.092119 0.991622 381.367188
0.992076 -0.079582 0.097218 16.124866 0.088035 0.992399 -0.085991 -19.687384 -0.089636 0.093868 0.991541 383.133728
0.991935 -0.081043 0.097452 16.307482 0.089537 0.992246 -0.086204 -19.843487 -0.089710 0.094235 0.991500 384.801483
0.991480 -0.079367 0.103285 16.783392 0.088231 0.992527 -0.084293 -20.492155 -0.095823 0.092688 0.991074 390.762207
0.991542 -0.078264 0.103531 16.969759 0.087274 0.992502 -0.085570 -20.636528 -0.096058 0.093882 0.990938 392.479340
0.991401 -0.079070 0.104270 17.128815 0.088110 0.992466 -0.085138 -20.799545 -0.096753 0.093593 0.990898 394.050812
0.991480 -0.078249 0.104138 17.318447 0.087211 0.992602 -0.084477 -20.940411 -0.096758 0.092839 0.990969 395.662659
0.991530 -0.077850 0.103956 17.507399 0.086756 0.992674 -0.084091 -21.110506 -0.096648 0.092397 0.991021 397.399353
