1.000000 0.000000 0.000000 0.000000 0.000000 1.000000 0.000000 0.000000 0.000000 0.000000 1.000000 0.000000
0.999999 -0.001384 -0.000908 0.008853 0.001384 0.999999 -0.000878 -0.014334 0.000909 0.000877 0.999999 0.502725
0.999996 -0.001909 -0.002035 0.009617 0.001905 0.999996 -0.001946 -0.032328 0.002038 0.001942 0.999996 1.062797
0.999990 -0.001817 -0.004116 0.008972 0.001804 0.999993 -0.003170 -0.048872 0.004121 0.003163 0.999987 1.628913
0.999977 -0.003139 -0.006084 0.008367 0.003111 0.999985 -0.004557 -0.062418 0.006098 0.004538 0.999971 2.192699
0.999959 -0.004473 -0.007876 0.003248 0.004426 0.999972 -0.006017 -0.079373 0.007903 0.005982 0.999951 2.754991
0.999946 -0.004875 -0.009218 0.000604 0.004814 0.999967 -0.006570 -0.096314 0.009250 0.006525 0.999936 3.323322
0.999931 -0.004935 -0.010641 -0.001838 0.004872 0.999971 -0.005933 -0.113144 0.010670 0.005881 0.999926 3.901192
0.999915 -0.005184 -0.011937 -0.002250 0.005112 0.999968 -0.006080 -0.131665 0.011968 0.006019 0.999910 4.486917
0.999900 -0.004558 -0.013379 -0.008490 0.004455 0.999961 -0.007679 -0.153977 0.013414 0.007619 0.999881 5.081129
0.999887 -0.003370 -0.014656 -0.016505 0.003211 0.999936 -0.010879 -0.172840 0.014691 0.010830 0.999833 5.676931
0.999868 -0.001857 -0.016132 -0.030921 0.001633 0.999903 -0.013857 -0.187730 0.016156 0.013828 0.999774 6.286586
0.999852 -0.000078 -0.017207 -0.047391 -0.000166 0.999899 -0.014192 -0.205923 0.017206 0.014193 0.999751 6.911407
0.999835 0.002168 -0.018051 -0.068820 -0.002328 0.999958 -0.008831 -0.216351 0.018031 0.008872 0.999798 7.561216
0.999814 0.003756 -0.018903 -0.086427 -0.003748 0.999993 0.000432 -0.230995 0.018904 -0.000362 0.999821 8.230582
0.999813 0.004390 -0.018838 -0.105049 -0.004273 0.999971 0.006279 -0.249175 0.018865 -0.006198 0.999803 8.899772
0.999787 0.005881 -0.019760 -0.129375 -0.005761 0.999964 0.006150 -0.273277 0.019796 -0.006035 0.999786 9.572485
0.999757 0.008192 -0.020459 -0.150165 -0.008186 0.999966 0.000349 -0.284003 0.020462 -0.000182 0.999791 10.247957
0.999736 0.008439 -0.021348 -0.167107 -0.008569 0.999945 -0.005985 -0.283515 0.021297 0.006166 0.999754 10.938533
0.999724 0.007508 -0.022242 -0.184877 -0.007636 0.999955 -0.005671 -0.290511 0.022198 0.005839 0.999737 11.657207
0.999723 0.007056 -0.022446 -0.200838 -0.006999 0.999972 0.002629 -0.309050 0.022464 -0.002471 0.999745 12.409795
0.999720 0.006128 -0.022862 -0.221104 -0.005893 0.999929 0.010364 -0.323699 0.022924 -0.010227 0.999685 13.184299
0.999702 0.005255 -0.023856 -0.233907 -0.004949 0.999905 0.012859 -0.334584 0.023921 -0.012737 0.999633 13.974033
0.999702 0.003650 -0.024149 -0.246490 -0.003347 0.999915 0.012604 -0.341144 0.024193 -0.012519 0.999629 14.773120
0.999704 0.002876 -0.024157 -0.266591 -0.002616 0.999938 0.010778 -0.348019 0.024187 -0.010711 0.999650 15.582388
0.999705 0.004837 -0.023813 -0.293596 -0.004651 0.999958 0.007878 -0.350240 0.023850 -0.007764 0.999685 16.406263
0.999722 0.002589 -0.023433 -0.304952 -0.002527 0.999993 0.002668 -0.353744 0.023440 -0.002608 0.999722 17.248383
0.999722 0.000005 -0.023587 -0.315280 -0.000080 0.999995 -0.003195 -0.365985 0.023586 0.003196 0.999717 18.117409
0.999734 0.000675 -0.023048 -0.340089 -0.000855 0.999969 -0.007817 -0.386248 0.023042 0.007834 0.999704 19.006212
0.999721 0.002353 -0.023502 -0.363496 -0.002576 0.999952 -0.009498 -0.400253 0.023478 0.009556 0.999679 19.919880
0.999703 0.002666 -0.024215 -0.374934 -0.002890 0.999953 -0.009228 -0.424634 0.024189 0.009295 0.999664 20.857603
0.999685 0.003133 -0.024916 -0.396404 -0.003380 0.999945 -0.009881 -0.452057 0.024884 0.009962 0.999641 21.796955
0.999662 0.005529 -0.025394 -0.431461 -0.005820 0.999918 -0.011375 -0.479708 0.025329 0.011519 0.999613 22.737976
0.999594 0.009745 -0.026764 -0.460750 -0.010073 0.999875 -0.012152 -0.509916 0.026642 0.012417 0.999568 23.698469
0.999543 0.011430 -0.027982 -0.482812 -0.011770 0.999858 -0.012018 -0.538054 0.027840 0.012342 0.999536 24.664408
0.999510 0.012226 -0.028830 -0.506451 -0.012570 0.999852 -0.011758 -0.566806 0.028682 0.012115 0.999515 25.641371
0.999469 0.012959 -0.029886 -0.542361 -0.013308 0.999845 -0.011512 -0.598383 0.029732 0.011904 0.999487 26.629957
0.999432 0.014198 -0.030554 -0.579868 -0.014525 0.999839 -0.010524 -0.627301 0.030400 0.010961 0.999478 27.623343
0.999382 0.015250 -0.031673 -0.620314 -0.015544 0.999838 -0.009052 -0.658027 0.031530 0.009538 0.999457 28.634787
0.999328 0.015458 -0.033242 -0.657213 -0.015732 0.999844 -0.008010 -0.684358 0.033113 0.008527 0.999415 29.647278
0.999296 0.014410 -0.034629 -0.698448 -0.014710 0.999856 -0.008420 -0.710363 0.034503 0.008923 0.999365 30.657476
0.999248 0.015212 -0.035673 -0.739192 -0.015542 0.999839 -0.008984 -0.738113 0.035531 0.009532 0.999323 31.694939
0.999225 0.014636 -0.036546 -0.775150 -0.014964 0.999850 -0.008718 -0.758870 0.036413 0.009258 0.999294 32.741894
0.999200 0.013769 -0.037555 -0.806547 -0.014036 0.999878 -0.006855 -0.784383 0.037457 0.007377 0.999271 33.796585
0.999155 0.014551 -0.038438 -0.851060 -0.014710 0.999884 -0.003857 -0.811886 0.038377 0.004419 0.999254 34.880360
0.999139 0.014162 -0.039002 -0.890939 -0.014244 0.999897 -0.001834 -0.833545 0.038972 0.002388 0.999237 35.950081
0.999115 0.013207 -0.039944 -0.930144 -0.013277 0.999911 -0.001510 -0.856840 0.039921 0.002039 0.999201 37.023899
0.999115 0.012279 -0.040218 -0.975833 -0.012396 0.999920 -0.002649 -0.882238 0.040182 0.003145 0.999187 38.088531
0.999088 0.013070 -0.040638 -1.020122 -0.013204 0.999908 -0.003030 -0.907238 0.040595 0.003564 0.999169 39.162247
0.999063 0.012944 -0.041302 -1.072241 -0.013052 0.999912 -0.002355 -0.930144 0.041268 0.002892 0.999144 40.244549
0.999043 0.013518 -0.041589 -1.124232 -0.013561 0.999908 -0.000751 -0.957170 0.041575 0.001315 0.999135 41.336212
0.999031 0.013621 -0.041862 -1.177925 -0.013575 0.999907 0.001384 -0.983553 0.041876 -0.000815 0.999122 42.422832
0.998997 0.014312 -0.042420 -1.228776 -0.014265 0.999897 0.001411 -1.012530 0.042435 -0.000804 0.999099 43.517063
0.998991 0.014816 -0.042398 -1.291126 -0.014907 0.999887 -0.001819 -1.040191 0.042366 0.002449 0.999099 44.588436
0.998959 0.016903 -0.042362 -1.347640 -0.017135 0.999840 -0.005124 -1.071825 0.042268 0.005844 0.999089 45.653389
0.998937 0.018677 -0.042144 -1.399730 -0.018937 0.999804 -0.005779 -1.099395 0.042028 0.006571 0.999095 46.727043
0.998933 0.018669 -0.042249 -1.445775 -0.018835 0.999816 -0.003524 -1.131614 0.042176 0.004316 0.999101 47.814587
0.998933 0.019958 -0.041654 -1.506914 -0.020027 0.999799 -0.001236 -1.161631 0.041621 0.002069 0.999131 48.908588
0.998996 0.017466 -0.041262 -1.548674 -0.017488 0.999847 -0.000172 -1.184556 0.041253 0.000894 0.999148 49.993179
0.998999 0.018004 -0.040941 -1.602557 -0.018047 0.999837 -0.000687 -1.211021 0.040922 0.001425 0.999161 51.065296
0.999016 0.017371 -0.040803 -1.648623 -0.017473 0.999845 -0.002129 -1.240379 0.040759 0.002840 0.999165 52.136513
0.999007 0.018129 -0.040709 -1.702125 -0.018309 0.999824 -0.004075 -1.265416 0.040628 0.004816 0.999163 53.215019
0.999039 0.017765 -0.040060 -1.749599 -0.018016 0.999820 -0.005916 -1.297890 0.039948 0.006632 0.999180 54.288860
0.999067 0.017219 -0.039601 -1.794960 -0.017593 0.999804 -0.009101 -1.335929 0.039437 0.009789 0.999174 55.356930
0.999077 0.016888 -0.039502 -1.840201 -0.017313 0.999796 -0.010441 -1.376881 0.039318 0.011115 0.999165 56.435467
0.999109 0.016265 -0.038942 -1.887766 -0.016624 0.999822 -0.008931 -1.412847 0.038790 0.009571 0.999202 57.518139
0.999117 0.015841 -0.038916 -1.934924 -0.016001 0.999865 -0.003813 -1.445899 0.038851 0.004433 0.999235 58.626736
0.999140 0.014988 -0.038652 -1.975709 -0.014951 0.999887 0.001240 -1.472458 0.038666 -0.000661 0.999252 59.728985
0.999176 0.013002 -0.038456 -2.009214 -0.012929 0.999914 0.002126 -1.498401 0.038480 -0.001627 0.999258 60.822289
0.999205 0.011717 -0.038110 -2.040665 -0.011749 0.999931 -0.000632 -1.526261 0.038100 0.001079 0.999273 61.915298
0.999235 0.010631 -0.037643 -2.076694 -0.010771 0.999936 -0.003514 -1.555085 0.037603 0.003916 0.999285 63.014439
0.999178 0.012253 -0.038635 -2.124175 -0.012508 0.999901 -0.006387 -1.588708 0.038553 0.006865 0.999233 64.100662
0.999208 0.011701 -0.038027 -2.165481 -0.012102 0.999873 -0.010339 -1.619672 0.037901 0.010791 0.999223 65.180244
0.999214 0.014014 -0.037086 -2.213019 -0.014428 0.999837 -0.010899 -1.651819 0.036927 0.011425 0.999253 66.267853
0.999214 0.016002 -0.036280 -2.262217 -0.016305 0.999835 -0.008058 -1.676798 0.036145 0.008643 0.999309 67.367012
0.999227 0.016598 -0.035636 -2.312193 -0.016814 0.999842 -0.005787 -1.709569 0.035534 0.006382 0.999348 68.458321
0.999229 0.016086 -0.035819 -2.354400 -0.016282 0.999854 -0.005193 -1.738724 0.035730 0.005773 0.999345 69.546844
0.999260 0.014718 -0.035547 -2.390486 -0.014878 0.999880 -0.004233 -1.774138 0.035481 0.004758 0.999359 70.644386
0.999279 0.013996 -0.035279 -2.428998 -0.014118 0.999895 -0.003206 -1.807106 0.035231 0.003701 0.999372 71.744415
0.999286 0.013563 -0.035271 -2.468470 -0.013635 0.999905 -0.001806 -1.835509 0.035244 0.002286 0.999376 72.840027
0.999304 0.012427 -0.035171 -2.503682 -0.012444 0.999923 -0.000271 -1.862290 0.035165 0.000708 0.999381 73.934807
0.999316 0.011673 -0.035093 -2.541636 -0.011718 0.999931 -0.001076 -1.889662 0.035078 0.001487 0.999383 75.009964
0.999313 0.011710 -0.035164 -2.583926 -0.011862 0.999921 -0.004136 -1.922958 0.035112 0.004550 0.999373 76.074768
0.999288 0.012633 -0.035564 -2.626721 -0.012862 0.999898 -0.006221 -1.952257 0.035482 0.006674 0.999348 77.145531
0.999257 0.014606 -0.035678 -2.677854 -0.014807 0.999876 -0.005375 -1.984505 0.035596 0.005899 0.999349 78.225189
0.999235 0.016304 -0.035545 -2.724853 -0.016377 0.999864 -0.001765 -2.016980 0.035511 0.002346 0.999367 79.332993
0.999186 0.017904 -0.036136 -2.775028 -0.017853 0.999839 0.001739 -2.050037 0.036162 -0.001093 0.999345 80.431053
0.999163 0.018375 -0.036551 -2.822542 -0.018301 0.999830 0.002355 -2.076677 0.036588 -0.001684 0.999329 81.507957
0.999150 0.018216 -0.036992 -2.869220 -0.018197 0.999834 0.000848 -2.099506 0.037001 -0.000174 0.999315 82.563065
0.999128 0.017892 -0.037734 -2.911706 -0.017907 0.999840 -0.000058 -2.128644 0.037727 0.000734 0.999288 83.627632
0.999115 0.018136 -0.037962 -2.956705 -0.018157 0.999835 -0.000203 -2.158150 0.037952 0.000892 0.999279 84.683846
0.999110 0.016759 -0.038699 -2.994064 -0.016779 0.999859 -0.000194 -2.185856 0.038690 0.000844 0.999251 85.732147
0.999097 0.016550 -0.039132 -3.031267 -0.016527 0.999863 0.000920 -2.214723 0.039142 -0.000272 0.999234 86.780067
0.999099 0.016195 -0.039236 -3.072595 -0.016075 0.999865 0.003366 -2.244763 0.039285 -0.002732 0.999224 87.797569
0.999078 0.015781 -0.039924 -3.116189 -0.015622 0.999869 0.004273 -2.270529 0.039986 -0.003646 0.999194 88.769470
0.999007 0.014921 -0.041987 -3.153306 -0.014743 0.999881 0.004526 -2.295845 0.042050 -0.003902 0.999108 89.720558
0.998867 0.014328 -0.045383 -3.193935 -0.014157 0.999891 0.004103 -2.322876 0.045437 -0.003456 0.998961 90.652298
0.998716 0.014537 -0.048533 -3.239953 -0.014395 0.999891 0.003277 -2.342621 0.048576 -0.002575 0.998816 91.559258
0.998572 0.014549 -0.051407 -3.285753 -0.014375 0.999890 0.003744 -2.369059 0.051456 -0.003000 0.998671 92.443726
0.998419 0.015477 -0.054040 -3.336269 -0.015228 0.999871 0.005012 -2.393946 0.054111 -0.004181 0.998526 93.305649
0.998244 0.016324 -0.056944 -3.389949 -0.016012 0.999854 0.005947 -2.414315 0.057033 -0.005025 0.998360 94.142944
0.998058 0.016736 -0.060000 -3.440353 -0.016349 0.999842 0.006925 -2.429096 0.060107 -0.005931 0.998174 94.965202
0.997879 0.018300 -0.062476 -3.497613 -0.017854 0.999811 0.007686 -2.446942 0.062605 -0.006554 0.998017 95.756912
0.997696 0.019252 -0.065059 -3.557378 -0.018757 0.999790 0.008203 -2.463401 0.065203 -0.006964 0.997848 96.525955
0.997525 0.019690 -0.067500 -3.612025 -0.019256 0.999790 0.007066 -2.478014 0.067624 -0.005749 0.997694 97.249794
0.997338 0.020421 -0.070006 -3.665811 -0.020201 0.999789 0.003846 -2.495379 0.070070 -0.002422 0.997539 97.952133
0.997160 0.022257 -0.071946 -3.723412 -0.022289 0.999752 0.000361 -2.512071 0.071936 0.001244 0.997409 98.622826
0.996994 0.023830 -0.073722 -3.781919 -0.024008 0.999711 -0.001528 -2.525951 0.073664 0.003293 0.997278 99.264397
0.996878 0.025560 -0.074700 -3.839900 -0.025827 0.999663 -0.002619 -2.544952 0.074608 0.004540 0.997203 99.879631
0.996879 0.026698 -0.074298 -3.896533 -0.026956 0.999634 -0.002467 -2.561207 0.074205 0.004462 0.997233 100.473419
0.996989 0.029003 -0.071919 -3.959485 -0.029178 0.999573 -0.001384 -2.577810 0.071848 0.003478 0.997410 101.043442
0.997277 0.030446 -0.067167 -4.019341 -0.030549 0.999533 -0.000509 -2.590855 0.067120 0.002559 0.997742 101.586563
0.997706 0.030581 -0.060389 -4.068049 -0.030551 0.999532 0.001414 -2.601723 0.060404 0.000435 0.998174 102.114006
0.998240 0.030037 -0.051124 -4.106601 -0.029896 0.999547 0.003519 -2.611355 0.051207 -0.001984 0.998686 102.609093
0.998787 0.028986 -0.039814 -4.134027 -0.028828 0.999574 0.004537 -2.622867 0.039929 -0.003384 0.999197 103.072449
0.999244 0.028184 -0.026790 -4.154694 -0.028065 0.999594 0.004838 -2.635951 0.026916 -0.004083 0.999629 103.509659
0.999539 0.027920 -0.011968 -4.168891 -0.027870 0.999602 0.004273 -2.649960 0.012082 -0.003937 0.999919 103.932793
0.999638 0.026378 0.005287 -4.176552 -0.026389 0.999650 0.002049 -2.661419 -0.005231 -0.002188 0.999984 104.337097
0.999345 0.025232 0.025931 -4.172056 -0.025198 0.999681 -0.001652 -2.670946 -0.025964 0.000998 0.999662 104.728249
0.998490 0.023872 0.049476 -4.163006 -0.023613 0.999704 -0.005812 -2.678708 -0.049600 0.004635 0.998758 105.115471
0.996876 0.021754 0.075930 -4.137316 -0.021200 0.999743 -0.008090 -2.688773 -0.076087 0.006455 0.997080 105.503082
0.994270 0.019051 0.105184 -4.096102 -0.018207 0.999794 -0.008977 -2.698336 -0.105333 0.007011 0.994412 105.882935
0.990504 0.016259 0.136518 -4.047653 -0.015006 0.999835 -0.010206 -2.706582 -0.136662 0.008060 0.990585 106.255028
0.985086 0.013575 0.171529 -3.983554 -0.011850 0.999868 -0.011074 -2.714103 -0.171657 0.008876 0.985117 106.615265
0.977804 0.010669 0.209250 -3.895500 -0.008482 0.999900 -0.011349 -2.729693 -0.209350 0.009322 0.977796 106.975487
0.968639 0.007972 0.248344 -3.798359 -0.005293 0.999920 -0.011452 -2.747639 -0.248416 0.009779 0.968604 107.329659
0.957187 0.007889 0.289362 -3.696585 -0.004578 0.999916 -0.012118 -2.767992 -0.289434 0.010274 0.957143 107.671036
0.942961 0.009469 0.332770 -3.592685 -0.005772 0.999910 -0.012097 -2.779031 -0.332854 0.009486 0.942931 108.005554
0.926314 0.008497 0.376656 -3.459569 -0.004841 0.999932 -0.010653 -2.788035 -0.376721 0.008045 0.926292 108.341141
0.907352 0.007672 0.420301 -3.314313 -0.004033 0.999946 -0.009544 -2.793702 -0.420352 0.006965 0.907335 108.656792
0.885603 0.005876 0.464405 -3.138851 -0.001778 0.999956 -0.009263 -2.807541 -0.464439 0.007378 0.885574 108.955742
0.861841 0.004830 0.507156 -2.964771 0.000376 0.999948 -0.010162 -2.820701 -0.507178 0.008949 0.861795 109.248901
0.835615 0.005261 0.549290 -2.783728 0.001573 0.999927 -0.011971 -2.834387 -0.549313 0.010868 0.835546 109.525620
0.806633 0.007087 0.591010 -2.585298 0.001425 0.999902 -0.013935 -2.845936 -0.591051 0.012082 0.806544 109.793121
0.774310 0.011282 0.632706 -2.379955 -0.001363 0.999868 -0.016161 -2.860365 -0.632805 0.011651 0.774224 110.067841
0.738743 0.015285 0.673813 -2.158922 -0.004227 0.999828 -0.018046 -2.861126 -0.673974 0.010483 0.738681 110.330048
0.701051 0.015233 0.712949 -1.903957 -0.003016 0.999826 -0.018398 -2.867460 -0.713105 0.010747 0.700975 110.569870
0.661693 0.012447 0.749672 -1.618915 -0.000189 0.999865 -0.016434 -2.886439 -0.749775 0.010732 0.661606 110.794807
0.619536 0.009993 0.784904 -1.321181 0.000782 0.999911 -0.013348 -2.899336 -0.784968 0.008883 0.619473 111.027061
0.575094 0.007710 0.818051 -1.013703 0.001075 0.999948 -0.010181 -2.913093 -0.818087 0.006734 0.575056 111.248047
0.529175 0.005384 0.848496 -0.690881 0.001496 0.999972 -0.007278 -2.917535 -0.848512 0.005120 0.529152 111.444870
0.480689 0.000137 0.876891 -0.342584 0.003614 0.999991 -0.002137 -2.941919 -0.876884 0.004196 0.480684 111.610382
0.430545 -0.000703 0.902569 0.014939 0.001782 0.999998 -0.000071 -2.954707 -0.902567 0.001639 0.430545 111.779922
0.380868 0.001246 0.924628 0.365462 -0.000816 0.999999 -0.001012 -2.962627 -0.924629 -0.000369 0.380869 111.929520
0.332055 0.005066 0.943246 0.743363 -0.003075 0.999986 -0.004288 -2.961801 -0.943255 -0.001476 0.332066 112.062454
0.286754 0.006700 0.957981 1.149004 -0.002987 0.999977 -0.006099 -2.964111 -0.958000 -0.001112 0.286767 112.180168
0.246152 0.005876 0.969213 1.579695 0.002249 0.999975 -0.006634 -2.967798 -0.969229 0.003813 0.246133 112.262695
0.211650 0.005153 0.977332 2.029268 0.008962 0.999934 -0.007213 -2.975789 -0.977305 0.010285 0.211590 112.335052
0.181550 0.004995 0.983369 2.483360 0.012465 0.999895 -0.007380 -2.988332 -0.983303 0.013597 0.181468 112.403290
0.154053 0.003207 0.988057 2.951858 0.009738 0.999941 -0.004764 -3.012449 -0.988015 0.010355 0.154013 112.492195
0.129666 0.000122 0.991558 3.448247 0.004278 0.999991 -0.000683 -3.025130 -0.991548 0.004331 0.129664 112.581070
0.106825 -0.002849 0.994274 3.956346 -0.000348 0.999996 0.002903 -3.030551 -0.994278 -0.000656 0.106823 112.658943
0.085215 -0.005047 0.996350 4.482778 0.002494 0.999985 0.004852 -3.032650 -0.996360 0.002072 0.085226 112.696327
0.065875 -0.004905 0.997816 5.034338 0.008065 0.999958 0.004383 -3.039761 -0.997795 0.007758 0.065912 112.709412
0.048246 -0.003733 0.998829 5.594050 0.013257 0.999907 0.003097 -3.051710 -0.998748 0.013092 0.048291 112.717987
0.033973 0.000839 0.999422 6.173771 0.015445 0.999880 -0.001364 -3.057916 -0.999303 0.015482 0.033956 112.728012
0.022731 0.005487 0.999727 6.783045 0.013758 0.999889 -0.005801 -3.060716 -0.999647 0.013886 0.022653 112.750977
0.016673 0.006036 0.999843 7.406307 0.013733 0.999886 -0.006265 -3.062867 -0.999767 0.013836 0.016588 112.758430
0.014609 0.003223 0.999888 8.067291 0.017492 0.999841 -0.003479 -3.081384 -0.999740 0.017540 0.014550 112.747261
0.015552 0.001216 0.999878 8.748638 0.019505 0.999809 -0.001520 -3.096806 -0.999689 0.019526 0.015526 112.750580
0.017671 0.000886 0.999843 9.439039 0.017844 0.999840 -0.001201 -3.116487 -0.999685 0.017862 0.017652 112.765633
0.018901 0.001762 0.999820 10.118364 0.015013 0.999885 -0.002046 -3.129875 -0.999709 0.015049 0.018872 112.791779
0.020159 0.002766 0.999793 10.821944 0.014580 0.999889 -0.003060 -3.143132 -0.999690 0.014639 0.020116 112.811455
0.021596 0.003853 0.999759 11.532691 0.013567 0.999899 -0.004147 -3.156736 -0.999675 0.013654 0.021541 112.830147
0.022680 0.003655 0.999736 12.260613 0.013281 0.999904 -0.003957 -3.175887 -0.999655 0.013367 0.022630 112.850639
0.023384 0.002877 0.999722 13.009581 0.011599 0.999928 -0.003149 -3.192027 -0.999659 0.011669 0.023349 112.878540
0.024089 0.002135 0.999708 13.777328 0.012519 0.999919 -0.002437 -3.207179 -0.999631 0.012574 0.024061 112.899979
0.023835 -0.000092 0.999716 14.548434 0.012354 0.999924 -0.000203 -3.229709 -0.999640 0.012356 0.023835 112.923279
0.023200 -0.000905 0.999730 15.324341 0.011015 0.999939 0.000650 -3.245657 -0.999670 0.010997 0.023208 112.954391
0.022348 -0.001287 0.999749 16.105288 0.008527 0.999963 0.001096 -3.255696 -0.999714 0.008500 0.022358 112.985733
0.021774 -0.003278 0.999758 16.915947 0.007850 0.999964 0.003107 -3.270568 -0.999732 0.007781 0.021799 113.006012
0.021439 -0.004880 0.999758 17.734385 0.008002 0.999957 0.004710 -3.285759 -0.999738 0.007899 0.021477 113.023514
0.020408 -0.005139 0.999779 18.569544 0.006332 0.999967 0.005011 -3.299525 -0.999772 0.006228 0.020439 113.053101
0.019554 -0.000953 0.999808 19.394945 0.005958 0.999982 0.000837 -3.312497 -0.999791 0.005941 0.019559 113.077446
0.019141 0.004081 0.999808 20.240261 0.005889 0.999974 -0.004194 -3.326945 -0.999799 0.005968 0.019117 113.096794
0.017975 0.006065 0.999820 21.076355 0.005467 0.999966 -0.006164 -3.349787 -0.999824 0.005576 0.017941 113.119827
0.016530 0.004695 0.999852 21.936895 0.001472 0.999988 -0.004720 -3.371185 -0.999862 0.001550 0.016523 113.159508
0.016932 0.001583 0.999855 22.825048 -0.002182 0.999996 -0.001546 -3.388359 -0.999854 -0.002156 0.016935 113.193596
0.018118 -0.002332 0.999833 23.722876 -0.003901 0.999990 0.002403 -3.404696 -0.999828 -0.003944 0.018108 113.218376
0.019854 -0.006706 0.999780 24.607672 -0.006298 0.999957 0.006832 -3.415400 -0.999783 -0.006432 0.019811 113.251137
0.020978 -0.006741 0.999757 25.487875 -0.008514 0.999940 0.006921 -3.423812 -0.999744 -0.008657 0.020919 113.282455
0.023126 -0.001001 0.999732 26.338520 -0.006227 0.999980 0.001146 -3.442049 -0.999713 -0.006252 0.023119 113.298965
0.024496 0.008278 0.999666 27.170271 -0.004506 0.999956 -0.008170 -3.464310 -0.999690 -0.004305 0.024532 113.318970
0.025992 0.013034 0.999577 28.010534 -0.003355 0.999910 -0.012951 -3.482996 -0.999656 -0.003017 0.026033 113.341667
0.027561 0.009996 0.999570 28.863541 -0.002294 0.999948 -0.009937 -3.503701 -0.999617 -0.002020 0.027583 113.375961
0.028882 0.003860 0.999575 29.718771 0.000011 0.999993 -0.003862 -3.527864 -0.999583 0.000122 0.028882 113.402061
0.029792 0.002099 0.999554 30.557037 0.001246 0.999997 -0.002138 -3.554004 -0.999555 0.001309 0.029789 113.431145
0.030005 0.003051 0.999545 31.382874 0.000283 0.999995 -0.003061 -3.577908 -0.999550 0.000375 0.030004 113.468948
0.029804 0.004074 0.999547 32.212032 -0.001114 0.999991 -0.004043 -3.601054 -0.999555 -0.000993 0.029808 113.508286
0.028546 0.004869 0.999581 33.037216 -0.003792 0.999981 -0.004762 -3.621057 -0.999585 -0.003654 0.028564 113.551926
0.027050 0.005232 0.999620 33.847530 -0.005449 0.999972 -0.005086 -3.641822 -0.999619 -0.005310 0.027078 113.590378
0.025137 0.005965 0.999666 34.651531 -0.006901 0.999959 -0.005793 -3.667401 -0.999660 -0.006753 0.025177 113.624008
0.024183 0.006247 0.999688 35.463333 -0.009373 0.999938 -0.006021 -3.689002 -0.999664 -0.009224 0.024240 113.657913
0.023143 0.005742 0.999716 36.277973 -0.011019 0.999924 -0.005488 -3.712635 -0.999671 -0.010889 0.023204 113.691620
0.021855 0.004969 0.999749 37.089077 -0.010483 0.999934 -0.004741 -3.735734 -0.999706 -0.010376 0.021906 113.718811
0.020445 0.005333 0.999777 37.885696 -0.010639 0.999930 -0.005117 -3.761801 -0.999734 -0.010532 0.020500 113.744484
0.018944 0.006100 0.999802 38.689716 -0.010662 0.999926 -0.005899 -3.790889 -0.999764 -0.010548 0.019008 113.766663
0.018225 0.006374 0.999814 39.481384 -0.010269 0.999928 -0.006188 -3.813580 -0.999781 -0.010154 0.018289 113.781296
0.017705 0.005365 0.999829 40.276386 -0.009222 0.999944 -0.005202 -3.838965 -0.999801 -0.009129 0.017753 113.787781
0.017018 0.004863 0.999843 41.054630 -0.009082 0.999948 -0.004709 -3.867665 -0.999814 -0.009000 0.017061 113.802528
0.015846 0.004900 0.999862 41.829372 -0.010353 0.999935 -0.004736 -3.892649 -0.999821 -0.010276 0.015896 113.820969
0.014685 0.004434 0.999882 42.592037 -0.012499 0.999913 -0.004250 -3.919475 -0.999814 -0.012435 0.014740 113.841011
0.014137 0.003926 0.999892 43.334003 -0.013089 0.999907 -0.003741 -3.946893 -0.999814 -0.013034 0.014187 113.859512
0.013450 0.004087 0.999901 44.056187 -0.012794 0.999910 -0.003915 -3.968448 -0.999828 -0.012741 0.013501 113.873558
0.013054 0.006264 0.999895 44.766254 -0.012835 0.999899 -0.006096 -3.993211 -0.999832 -0.012754 0.013134 113.888847
0.012866 0.008992 0.999877 45.472347 -0.013699 0.999867 -0.008815 -4.020616 -0.999823 -0.013584 0.012987 113.906296
0.012919 0.011179 0.999854 46.174149 -0.015675 0.999817 -0.010976 -4.047665 -0.999794 -0.015531 0.013091 113.927544
0.012829 0.012203 0.999843 46.877411 -0.016120 0.999798 -0.011996 -4.076065 -0.999788 -0.015964 0.013023 113.944145
0.012828 0.012315 0.999842 47.576450 -0.015624 0.999805 -0.012114 -4.102007 -0.999796 -0.015466 0.013018 113.956551
0.012570 0.012229 0.999846 48.267460 -0.015536 0.999807 -0.012033 -4.130098 -0.999800 -0.015382 0.012757 113.973175
0.012584 0.013149 0.999834 48.938881 -0.018294 0.999749 -0.012917 -4.152437 -0.999753 -0.018128 0.012822 113.997620
0.013139 0.013956 0.999816 49.623703 -0.020365 0.999699 -0.013687 -4.180049 -0.999706 -0.020181 0.013420 114.020325
0.013808 0.013425 0.999815 50.305573 -0.020490 0.999704 -0.013141 -4.201659 -0.999695 -0.020305 0.014079 114.030647
0.012883 0.013227 0.999830 50.988770 -0.020684 0.999702 -0.012959 -4.230744 -0.999703 -0.020514 0.013153 114.050148
0.009664 0.013385 0.999864 51.657013 -0.023897 0.999628 -0.013151 -4.259877 -0.999668 -0.023766 0.009980 114.078323
0.004923 0.013841 0.999892 52.322117 -0.025469 0.999582 -0.013712 -4.287113 -0.999663 -0.025399 0.005273 114.097992
-0.001193 0.016562 0.999862 52.984161 -0.024753 0.999556 -0.016586 -4.311149 -0.999693 -0.024770 -0.000783 114.095108
-0.007523 0.019163 0.999788 53.649117 -0.024312 0.999517 -0.019341 -4.333053 -0.999676 -0.024453 -0.007053 114.088219
-0.014080 0.019975 0.999701 54.331661 -0.026060 0.999453 -0.020337 -4.365140 -0.999561 -0.026338 -0.013551 114.088089
-0.020060 0.019772 0.999603 55.015980 -0.030166 0.999337 -0.020372 -4.390759 -0.999344 -0.030562 -0.019450 114.096260
-0.024420 0.019084 0.999520 55.705517 -0.032535 0.999273 -0.019875 -4.417119 -0.999172 -0.033005 -0.023782 114.089134
-0.027887 0.019469 0.999421 56.392300 -0.033990 0.999214 -0.020414 -4.447933 -0.999033 -0.034539 -0.027204 114.081253
-0.030967 0.019585 0.999328 57.080547 -0.036499 0.999119 -0.020712 -4.468164 -0.998854 -0.037116 -0.030225 114.071243
-0.032521 0.016930 0.999328 57.787254 -0.036912 0.999154 -0.018129 -4.490601 -0.998789 -0.037476 -0.031869 114.051422
-0.034409 0.014307 0.999305 58.511917 -0.036746 0.999203 -0.015571 -4.515971 -0.998732 -0.037256 -0.033856 114.026169
-0.035833 0.011906 0.999287 59.231945 -0.036832 0.999234 -0.013226 -4.544689 -0.998679 -0.037279 -0.035367 114.005798
-0.037020 0.011991 0.999243 59.953323 -0.036688 0.999238 -0.013350 -4.570281 -0.998641 -0.037154 -0.036552 113.984627
-0.037639 0.014699 0.999183 60.666409 -0.036511 0.999204 -0.016075 -4.598763 -0.998624 -0.037086 -0.037073 113.962166
-0.038085 0.018375 0.999106 61.378155 -0.033779 0.999236 -0.019665 -4.618029 -0.998703 -0.034497 -0.037435 113.927025
-0.038403 0.022341 0.999013 62.115746 -0.029012 0.999304 -0.023463 -4.653710 -0.998841 -0.029884 -0.037728 113.886810
-0.039054 0.023570 0.998959 62.850838 -0.027966 0.999304 -0.024671 -4.682980 -0.998846 -0.028901 -0.038368 113.859558
-0.039265 0.022206 0.998982 63.612724 -0.028215 0.999330 -0.023323 -4.714618 -0.998830 -0.029102 -0.038612 113.841667
-0.038489 0.018442 0.999089 64.380623 -0.027081 0.999443 -0.019492 -4.740335 -0.998892 -0.027806 -0.037969 113.815025
-0.038041 0.017051 0.999131 65.135544 -0.025559 0.999511 -0.018030 -4.770792 -0.998949 -0.026222 -0.037586 113.787506
-0.038494 0.017037 0.999114 65.872704 -0.024377 0.999541 -0.017983 -4.802357 -0.998961 -0.025048 -0.038061 113.768204
-0.038971 0.018303 0.999073 66.615379 -0.024410 0.999516 -0.019264 -4.827727 -0.998942 -0.025138 -0.038506 113.751976
-0.040324 0.018913 0.999008 67.353584 -0.023943 0.999515 -0.019889 -4.854480 -0.998900 -0.024721 -0.039852 113.730003
-0.042220 0.019385 0.998920 68.106140 -0.023368 0.999519 -0.020385 -4.883060 -0.998835 -0.024203 -0.041747 113.702400
-0.043496 0.019791 0.998858 68.852226 -0.022127 0.999539 -0.020768 -4.914592 -0.998809 -0.023005 -0.043038 113.671822
-0.044946 0.019907 0.998791 69.592781 -0.022771 0.999521 -0.020947 -4.941999 -0.998730 -0.023685 -0.044471 113.643562
-0.045894 0.020587 0.998734 70.341469 -0.025188 0.999446 -0.021759 -4.967714 -0.998629 -0.026154 -0.045351 113.623764
-0.046581 0.021914 0.998674 71.101295 -0.025304 0.999413 -0.023111 -5.005136 -0.998594 -0.026347 -0.045999 113.595001
-0.047447 0.022484 0.998621 71.866226 -0.025956 0.999381 -0.023734 -5.030725 -0.998536 -0.027046 -0.046834 113.569130
-0.048100 0.022785 0.998583 72.639679 -0.025712 0.999380 -0.024042 -5.067262 -0.998512 -0.026832 -0.047484 113.541817
-0.048901 0.022068 0.998560 73.432144 -0.025866 0.999393 -0.023353 -5.100502 -0.998469 -0.026971 -0.048301 113.508835
-0.049782 0.020701 0.998546 74.227974 -0.028358 0.999353 -0.022131 -5.130610 -0.998357 -0.029419 -0.049163 113.483307
-0.051029 0.019883 0.998499 75.022377 -0.031136 0.999284 -0.021489 -5.161175 -0.998212 -0.032185 -0.050373 113.460197
-0.052743 0.019575 0.998416 75.823921 -0.032246 0.999253 -0.021295 -5.196158 -0.998087 -0.033318 -0.052073 113.425102
-0.054003 0.019553 0.998349 76.630348 -0.032697 0.999237 -0.021340 -5.236819 -0.998005 -0.033796 -0.053322 113.389359
-0.056358 0.020733 0.998195 77.440346 -0.033050 0.999198 -0.022620 -5.274784 -0.997863 -0.034265 -0.055627 113.352249
-0.057729 0.023801 0.998048 78.247849 -0.032517 0.999141 -0.025708 -5.316951 -0.997803 -0.033938 -0.056906 113.306999
-0.057910 0.027266 0.997949 79.057472 -0.031286 0.999086 -0.029113 -5.356895 -0.997831 -0.032908 -0.057004 113.259277
-0.058418 0.030478 0.997827 79.865776 -0.029621 0.999041 -0.032250 -5.406451 -0.997853 -0.031440 -0.057459 113.209106
-0.057175 0.031713 0.997860 80.697769 -0.028550 0.999035 -0.033386 -5.447420 -0.997956 -0.030397 -0.056214 113.158394
-0.055608 0.031157 0.997966 81.543213 -0.025450 0.999144 -0.032612 -5.500919 -0.998128 -0.027211 -0.054767 113.094368
-0.054570 0.030123 0.998056 82.395256 -0.024566 0.999202 -0.031501 -5.550728 -0.998208 -0.026237 -0.053786 113.046722
-0.053248 0.028998 0.998160 83.247322 -0.025478 0.999213 -0.030388 -5.597322 -0.998256 -0.027050 -0.052468 113.004402
-0.051053 0.027706 0.998312 84.108109 -0.026493 0.999226 -0.029087 -5.640328 -0.998344 -0.027933 -0.050279 112.962128
-0.048606 0.025723 0.998487 84.972847 -0.027312 0.999260 -0.027073 -5.686246 -0.998445 -0.028586 -0.047867 112.921219
-0.046352 0.023030 0.998660 85.838318 -0.027779 0.999318 -0.024335 -5.731216 -0.998539 -0.028870 -0.045681 112.885666
-0.044008 0.023726 0.998749 86.692528 -0.028382 0.999285 -0.024989 -5.768596 -0.998628 -0.029446 -0.043303 112.857445
-0.041686 0.027959 0.998739 87.531815 -0.027070 0.999210 -0.029102 -5.813362 -0.998764 -0.028249 -0.040896 112.824738
-0.038869 0.034185 0.998659 88.375839 -0.027975 0.998986 -0.035285 -5.860417 -0.998853 -0.029309 -0.037873 112.797180
-0.036106 0.036992 0.998663 89.226250 -0.030556 0.998807 -0.038102 -5.914495 -0.998881 -0.031891 -0.034933 112.774956
-0.033507 0.036707 0.998764 90.093475 -0.032548 0.998755 -0.037798 -5.954319 -0.998908 -0.033774 -0.032270 112.754959
-0.031860 0.034690 0.998890 90.968285 -0.032758 0.998824 -0.035732 -6.012142 -0.998955 -0.033860 -0.030686 112.732735
-0.030350 0.033380 0.998982 91.829552 -0.032857 0.998869 -0.034374 -6.059244 -0.998999 -0.033867 -0.029219 112.712234
-0.029261 0.033255 0.999018 92.689491 -0.032788 0.998877 -0.034211 -6.112435 -0.999034 -0.033757 -0.028138 112.690880
-0.027738 0.033147 0.999066 93.560913 -0.033203 0.998868 -0.034063 -6.162957 -0.999064 -0.034117 -0.026606 112.673454
-0.026050 0.032514 0.999132 94.438126 -0.032201 0.998925 -0.033347 -6.205939 -0.999142 -0.033042 -0.024975 112.653847
-0.024769 0.032144 0.999176 95.316399 -0.030654 0.998989 -0.032898 -6.254953 -0.999223 -0.031443 -0.023759 112.633163
-0.024110 0.033473 0.999149 96.192467 -0.029650 0.998976 -0.034182 -6.305000 -0.999270 -0.030449 -0.023093 112.615425
-0.023287 0.035571 0.999096 97.066887 -0.030813 0.998866 -0.036281 -6.354014 -0.999254 -0.031630 -0.022164 112.602760
-0.020884 0.036616 0.999111 97.944061 -0.032301 0.998783 -0.037279 -6.406450 -0.999260 -0.033050 -0.019675 112.598701
-0.019308 0.034996 0.999201 98.832840 -0.034905 0.998754 -0.035655 -6.451616 -0.999204 -0.035566 -0.018063 112.604706
-0.018707 0.034193 0.999240 99.707069 -0.040413 0.998572 -0.034926 -6.494606 -0.999008 -0.041036 -0.017298 112.617691
-0.019069 0.034994 0.999206 100.568787 -0.042608 0.998451 -0.035781 -6.544988 -0.998910 -0.043257 -0.017548 112.621872
-0.019819 0.038946 0.999045 101.418243 -0.046746 0.998112 -0.039837 -6.597506 -0.998710 -0.047490 -0.017961 112.626320
-0.020034 0.041081 0.998955 102.266113 -0.047466 0.997990 -0.041993 -6.646018 -0.998672 -0.048257 -0.018044 112.621429
-0.019710 0.041338 0.998951 103.121796 -0.046511 0.998025 -0.042218 -6.696106 -0.998723 -0.047295 -0.017748 112.608795
-0.018572 0.040890 0.998991 103.972641 -0.045247 0.998105 -0.041695 -6.744577 -0.998803 -0.045975 -0.016687 112.599838
-0.018080 0.041703 0.998966 104.801460 -0.043049 0.998171 -0.042449 -6.798748 -0.998909 -0.043772 -0.016252 112.586388
-0.017955 0.043848 0.998877 105.625618 -0.043654 0.998051 -0.044597 -6.855728 -0.998885 -0.044406 -0.016006 112.580429
-0.017682 0.045063 0.998828 106.442703 -0.043276 0.998013 -0.045793 -6.913159 -0.998907 -0.044034 -0.015697 112.577904
-0.018419 0.045439 0.998797 107.258636 -0.045592 0.997889 -0.046238 -6.968893 -0.998790 -0.046389 -0.016309 112.578690
-0.020130 0.044649 0.998800 108.070854 -0.047022 0.997855 -0.045554 -7.021931 -0.998691 -0.047883 -0.017987 112.579193
-0.023114 0.045812 0.998683 108.877579 -0.047494 0.997771 -0.046869 -7.074850 -0.998604 -0.048515 -0.020887 112.572884
-0.025644 0.047980 0.998519 109.679520 -0.047934 0.997640 -0.049169 -7.127303 -0.998521 -0.049124 -0.023284 112.562325
-0.028647 0.048819 0.998397 110.471207 -0.049953 0.997489 -0.050208 -7.185871 -0.998341 -0.051311 -0.026137 112.551659
-0.031564 0.048685 0.998315 111.253700 -0.049693 0.997501 -0.050216 -7.239134 -0.998266 -0.051195 -0.029066 112.532669
-0.034081 0.047401 0.998294 112.039673 -0.049092 0.997589 -0.049043 -7.300164 -0.998213 -0.050679 -0.031672 112.514740
-0.036934 0.047392 0.998193 112.816132 -0.048164 0.997630 -0.049147 -7.362384 -0.998156 -0.049892 -0.034564 112.499374
-0.038784 0.051272 0.997931 113.586739 -0.051692 0.997243 -0.053246 -7.426606 -0.997910 -0.053650 -0.036026 112.490585
-0.040625 0.057851 0.997498 114.347504 -0.053859 0.996744 -0.060001 -7.481359 -0.997722 -0.056162 -0.037377 112.483650
-0.043313 0.060489 0.997229 115.117584 -0.051152 0.996722 -0.062680 -7.540818 -0.997751 -0.053725 -0.040077 112.452896
-0.045386 0.058046 0.997282 115.889381 -0.050420 0.996905 -0.060319 -7.609648 -0.997696 -0.053021 -0.042319 112.420738
-0.048232 0.051961 0.997484 116.679733 -0.051600 0.997183 -0.054441 -7.678298 -0.997502 -0.054096 -0.045414 112.392342
-0.049873 0.050935 0.997456 117.444809 -0.052340 0.997193 -0.053539 -7.740867 -0.997383 -0.054877 -0.047067 112.365730
-0.051449 0.053191 0.997258 118.199104 -0.052482 0.997057 -0.055888 -7.805328 -0.997296 -0.055213 -0.048506 112.331398
-0.053909 0.055862 0.996982 118.953262 -0.054074 0.996806 -0.058776 -7.864072 -0.997081 -0.057080 -0.050716 112.305122
-0.056353 0.058652 0.996687 119.715233 -0.054591 0.996599 -0.061734 -7.919689 -0.996917 -0.057889 -0.052960 112.275650
-0.058151 0.061880 0.996388 120.462341 -0.051735 0.996549 -0.064909 -7.985446 -0.996966 -0.055322 -0.054750 112.225998
-0.060350 0.065400 0.996032 121.207535 -0.050835 0.996355 -0.068502 -8.054304 -0.996882 -0.054767 -0.056805 112.190102
-0.063199 0.067030 0.995747 121.957397 -0.052017 0.996165 -0.070360 -8.123439 -0.996644 -0.056242 -0.059470 112.163605
-0.065315 0.065428 0.995717 122.701019 -0.052299 0.996252 -0.068894 -8.186897 -0.996493 -0.056574 -0.061648 112.131508
-0.069065 0.062506 0.995652 123.443100 -0.049175 0.996609 -0.065978 -8.260688 -0.996399 -0.053517 -0.065757 112.078682
-0.074358 0.061363 0.995342 124.171272 -0.048079 0.996724 -0.065040 -8.335917 -0.996072 -0.052691 -0.071164 112.031540
-0.080392 0.060680 0.994915 124.892372 -0.048044 0.996749 -0.064674 -8.407668 -0.995605 -0.052998 -0.077215 111.991859
-0.088615 0.060809 0.994208 125.626724 -0.049039 0.996658 -0.065330 -8.475096 -0.994858 -0.054545 -0.085337 111.943008
-0.098791 0.061210 0.993224 126.360909 -0.049418 0.996573 -0.066331 -8.542918 -0.993880 -0.055636 -0.095428 111.887131
-0.109904 0.061561 0.992034 127.094124 -0.048634 0.996552 -0.067229 -8.613286 -0.992752 -0.055635 -0.106531 111.821190
-0.122047 0.061777 0.990600 127.823967 -0.047599 0.996548 -0.068012 -8.682510 -0.991382 -0.055453 -0.118685 111.748848
-0.132842 0.061383 0.989235 128.542969 -0.045766 0.996636 -0.067988 -8.746241 -0.990080 -0.054305 -0.129586 111.658424
-0.143684 0.060842 0.987752 129.251678 -0.043291 0.996767 -0.067694 -8.811479 -0.988676 -0.052487 -0.140586 111.561119
-0.153089 0.060550 0.986356 129.968063 -0.039440 0.996951 -0.067322 -8.879393 -0.987425 -0.049209 -0.150235 111.452530
-0.161470 0.060293 0.985034 130.671341 -0.034165 0.997192 -0.066637 -8.944474 -0.986286 -0.044414 -0.158957 111.326057
-0.169129 0.059946 0.983769 131.385803 -0.030764 0.997341 -0.066062 -9.013760 -0.985114 -0.041437 -0.166835 111.200172
-0.174628 0.059591 0.982829 132.089355 -0.029820 0.997389 -0.065773 -9.077241 -0.984183 -0.040794 -0.172395 111.086960
-0.179407 0.057992 0.982064 132.795715 -0.027364 0.997581 -0.063907 -9.132551 -0.983394 -0.038339 -0.177386 110.966019
-0.181362 0.055440 0.981853 133.504211 -0.023351 0.997885 -0.060658 -9.189478 -0.983139 -0.033929 -0.179684 110.828590
-0.181800 0.053818 0.981862 134.208099 -0.019187 0.998117 -0.058262 -9.249447 -0.983148 -0.029431 -0.180425 110.689758
-0.181787 0.053330 0.981891 134.914062 -0.017350 0.998199 -0.057428 -9.304445 -0.983185 -0.027476 -0.180535 110.562073
-0.181202 0.057418 0.981768 135.587814 -0.015597 0.998001 -0.061246 -9.362854 -0.983322 -0.026411 -0.179944 110.438820
-0.179627 0.060613 0.981866 136.262207 -0.015118 0.997812 -0.064363 -9.413883 -0.983619 -0.026405 -0.178318 110.319801
-0.178376 0.060669 0.982090 136.935974 -0.013611 0.997850 -0.064114 -9.470227 -0.983868 -0.024804 -0.177167 110.197929
-0.176957 0.059601 0.982412 137.611023 -0.012948 0.997937 -0.062875 -9.523230 -0.984133 -0.023847 -0.175820 110.073929
-0.175464 0.057691 0.982794 138.282669 -0.012216 0.998077 -0.060769 -9.580269 -0.984410 -0.022669 -0.174421 109.949966
-0.173218 0.058322 0.983155 138.941635 -0.010677 0.998075 -0.061089 -9.629112 -0.984826 -0.021079 -0.172262 109.834740
-0.170831 0.060727 0.983427 139.593842 -0.008974 0.997962 -0.063183 -9.681359 -0.985259 -0.019619 -0.169938 109.719292
-0.166571 0.062263 0.984062 140.243668 -0.008792 0.997871 -0.064626 -9.729692 -0.985990 -0.019417 -0.165669 109.611481
-0.161765 0.062622 0.984840 140.896698 -0.007091 0.997885 -0.064616 -9.782475 -0.986804 -0.017436 -0.160979 109.497360
-0.154954 0.061992 0.985975 141.547318 -0.005631 0.997958 -0.063631 -9.832152 -0.987906 -0.015412 -0.154288 109.396187
-0.151252 0.060830 0.986622 142.179276 -0.005723 0.998034 -0.062411 -9.887783 -0.988479 -0.015086 -0.150607 109.294075
-0.146669 0.060629 0.987326 142.820099 -0.005988 0.998047 -0.062177 -9.940917 -0.989167 -0.015032 -0.146020 109.205345
-0.142463 0.060098 0.987974 143.456055 -0.005409 0.998093 -0.061493 -9.988745 -0.989785 -0.014104 -0.141866 109.114639
-0.138584 0.059212 0.988579 144.081192 -0.002997 0.998181 -0.060207 -10.028934 -0.990346 -0.011307 -0.138154 109.016136
-0.134597 0.057936 0.989205 144.709015 -0.001773 0.998274 -0.058709 -10.086820 -0.990899 -0.009656 -0.134262 108.923592
-0.130818 0.057076 0.989762 145.325821 -0.004095 0.998302 -0.058109 -10.141552 -0.991398 -0.011655 -0.130362 108.852707
-0.127224 0.057831 0.990187 145.934052 -0.006169 0.998233 -0.059093 -10.193405 -0.991855 -0.013627 -0.126643 108.781303
-0.122358 0.061034 0.990608 146.533646 -0.005435 0.998051 -0.062164 -10.243353 -0.992471 -0.012990 -0.121787 108.711151
-0.116948 0.063700 0.991093 147.122711 -0.003785 0.997905 -0.064585 -10.293944 -0.993131 -0.011304 -0.116461 108.637863
-0.110333 0.064449 0.991803 147.727875 -0.005248 0.997844 -0.065426 -10.349244 -0.993881 -0.012424 -0.109757 108.576347
-0.101484 0.064047 0.992773 148.333282 -0.008282 0.997837 -0.065220 -10.402735 -0.994803 -0.014841 -0.100734 108.532120
-0.090509 0.062830 0.993912 148.936111 -0.011201 0.997881 -0.064101 -10.455275 -0.995833 -0.016935 -0.089613 108.492668
-0.078267 0.061884 0.995010 149.519623 -0.012142 0.997938 -0.063022 -10.508193 -0.996858 -0.017014 -0.077355 108.446243
