1.000000 0.000000 0.000000 0.000000 0.000000 1.000000 0.000000 0.000000 0.000000 0.000000 1.000000 0.000000
0.999997 -0.001945 -0.001732 0.019398 0.001943 0.999998 -0.000681 -0.015055 0.001733 0.000678 0.999998 0.534449
0.999994 -0.002237 -0.002559 0.016676 0.002231 0.999995 -0.002431 -0.022032 0.002565 0.002426 0.999994 1.093041
0.999984 -0.003265 -0.004578 0.021392 0.003249 0.999989 -0.003373 -0.039288 0.004589 0.003358 0.999984 1.653469
0.999969 -0.005036 -0.006025 0.006922 0.005002 0.999972 -0.005518 -0.045613 0.006053 0.005488 0.999967 2.220891
0.999949 -0.006764 -0.007465 0.019349 0.006709 0.999950 -0.007384 -0.067280 0.007515 0.007334 0.999945 2.771979
0.999925 -0.008449 -0.008819 0.019023 0.008378 0.999932 -0.008142 -0.071279 0.008887 0.008067 0.999928 3.322992
0.999913 -0.008923 -0.009740 0.002865 0.008853 0.999935 -0.007149 -0.092190 0.009803 0.007062 0.999927 3.896838
0.999893 -0.009348 -0.011240 0.026103 0.009263 0.999928 -0.007579 -0.103360 0.011310 0.007474 0.999908 4.469610
0.999877 -0.008861 -0.012931 0.042614 0.008728 0.999909 -0.010302 -0.119193 0.013021 0.010188 0.999863 5.042609
0.999875 -0.007411 -0.013966 0.033586 0.007210 0.999870 -0.014423 -0.125618 0.014071 0.014321 0.999798 5.635382
0.999868 -0.006140 -0.015065 0.024272 0.005866 0.999818 -0.018172 -0.137866 0.015174 0.018081 0.999721 6.227826
0.999864 -0.004195 -0.015978 0.021999 0.003906 0.999829 -0.018055 -0.152922 0.016051 0.017990 0.999709 6.816485
0.999839 -0.001929 -0.017833 0.038082 0.001733 0.999938 -0.010988 -0.169231 0.017853 0.010956 0.999781 7.452143
0.999829 -0.000025 -0.018517 0.045429 0.000016 1.000000 -0.000493 -0.190294 0.018517 0.000493 0.999828 8.069013
0.999806 0.000570 -0.019685 0.052847 -0.000452 0.999982 0.006016 -0.197882 0.019688 -0.006006 0.999788 8.721365
0.999782 0.003725 -0.020561 0.037795 -0.003622 0.999981 0.005060 -0.217714 0.020579 -0.004984 0.999776 9.403618
0.999758 0.005582 -0.021256 0.019205 -0.005630 0.999982 -0.002186 -0.223338 0.021244 0.002305 0.999772 10.115153
0.999739 0.005113 -0.022274 0.008829 -0.005293 0.999954 -0.008038 -0.229476 0.022232 0.008154 0.999720 10.813622
0.999716 0.003683 -0.023538 0.007152 -0.003842 0.999970 -0.006693 -0.230606 0.023512 0.006782 0.999701 11.558202
0.999712 0.002547 -0.023862 -0.007501 -0.002486 0.999994 0.002588 -0.241665 0.023869 -0.002528 0.999712 12.348884
0.999695 0.002141 -0.024605 -0.006972 -0.001882 0.999943 0.010535 -0.258773 0.024627 -0.010486 0.999642 13.122009
0.999671 0.001571 -0.025587 -0.009391 -0.001246 0.999919 0.012700 -0.258367 0.025605 -0.012664 0.999592 13.936912
0.999684 -0.000558 -0.025147 -0.037520 0.000858 0.999928 0.011930 -0.262913 0.025139 -0.011948 0.999613 14.753016
0.999693 -0.001018 -0.024765 -0.043017 0.001251 0.999955 0.009413 -0.265675 0.024755 -0.009441 0.999649 15.586616
0.999705 0.001708 -0.024207 -0.056431 -0.001562 0.999981 0.006024 -0.270067 0.024217 -0.005985 0.999689 16.437414
0.999721 -0.001311 -0.023565 -0.060187 0.001327 0.999999 0.000660 -0.279951 0.023564 -0.000691 0.999722 17.306643
0.999722 -0.004667 -0.023132 -0.061099 0.004541 0.999974 -0.005529 -0.292691 0.023157 0.005423 0.999717 18.182364
0.999751 -0.003232 -0.022087 -0.071165 0.002987 0.999933 -0.011147 -0.299350 0.022121 0.011079 0.999694 19.079288
0.999752 -0.001868 -0.022207 -0.080362 0.001596 0.999924 -0.012260 -0.306569 0.022228 0.012221 0.999678 20.003380
0.999735 -0.001437 -0.022966 -0.085580 0.001174 0.999934 -0.011439 -0.334607 0.022980 0.011409 0.999671 20.952845
0.999735 -0.000485 -0.023010 -0.104653 0.000201 0.999924 -0.012334 -0.360845 0.023014 0.012326 0.999659 21.893694
0.999735 0.002339 -0.022882 -0.125538 -0.002676 0.999888 -0.014718 -0.376017 0.022845 0.014775 0.999630 22.844055
0.999706 0.006132 -0.023464 -0.136392 -0.006497 0.999858 -0.015539 -0.401284 0.023366 0.015687 0.999604 23.803402
0.999692 0.008180 -0.023415 -0.162313 -0.008539 0.999847 -0.015266 -0.430968 0.023287 0.015462 0.999609 24.786980
0.999662 0.009077 -0.024351 -0.165828 -0.009453 0.999837 -0.015388 -0.459600 0.024207 0.015613 0.999585 25.764694
0.999664 0.008303 -0.024535 -0.186075 -0.008675 0.999848 -0.015117 -0.486009 0.024406 0.015325 0.999585 26.760563
0.999649 0.009399 -0.024779 -0.212142 -0.009749 0.999854 -0.014043 -0.513658 0.024644 0.014280 0.999594 27.764732
0.999629 0.010046 -0.025324 -0.227746 -0.010354 0.999873 -0.012084 -0.539436 0.025199 0.012341 0.999606 28.773415
0.999612 0.010873 -0.025641 -0.253899 -0.011160 0.999876 -0.011084 -0.562663 0.025518 0.011366 0.999610 29.799959
0.999607 0.010689 -0.025902 -0.277079 -0.011001 0.999868 -0.011943 -0.592504 0.025771 0.012223 0.999593 30.840303
0.999601 0.011761 -0.025679 -0.316424 -0.012097 0.999842 -0.012993 -0.616303 0.025522 0.013298 0.999586 31.871250
0.999589 0.011609 -0.026211 -0.339564 -0.011936 0.999853 -0.012344 -0.638930 0.026064 0.012652 0.999580 32.920792
0.999576 0.010630 -0.027103 -0.353227 -0.010900 0.999892 -0.009850 -0.659890 0.026995 0.010141 0.999584 33.963562
0.999568 0.011208 -0.027164 -0.386054 -0.011384 0.999915 -0.006331 -0.682273 0.027091 0.006638 0.999611 35.019192
0.999555 0.011089 -0.027683 -0.413431 -0.011202 0.999930 -0.003903 -0.708483 0.027638 0.004211 0.999609 36.088264
0.999539 0.010705 -0.028417 -0.438835 -0.010807 0.999936 -0.003439 -0.730018 0.028378 0.003744 0.999590 37.154896
0.999520 0.010936 -0.028980 -0.467204 -0.011087 0.999926 -0.005047 -0.747123 0.028923 0.005366 0.999567 38.228642
0.999500 0.011672 -0.029400 -0.505061 -0.011837 0.999915 -0.005439 -0.769255 0.029334 0.005784 0.999553 39.322273
0.999484 0.011776 -0.029871 -0.541582 -0.011916 0.999919 -0.004531 -0.785327 0.029815 0.004885 0.999543 40.410557
0.999460 0.011473 -0.030801 -0.566860 -0.011549 0.999931 -0.002305 -0.811995 0.030772 0.002660 0.999523 41.507690
0.999446 0.011509 -0.031238 -0.602353 -0.011505 0.999934 0.000338 -0.834396 0.031240 0.000022 0.999512 42.593437
0.999415 0.012602 -0.031803 -0.635847 -0.012601 0.999921 0.000216 -0.856155 0.031803 0.000185 0.999494 43.675732
0.999367 0.014480 -0.032484 -0.665936 -0.014621 0.999885 -0.004101 -0.871465 0.032421 0.004574 0.999464 44.770981
0.999330 0.015846 -0.033004 -0.694629 -0.016118 0.999838 -0.007971 -0.896957 0.032872 0.008498 0.999423 45.863838
0.999329 0.016376 -0.032762 -0.736122 -0.016665 0.999824 -0.008564 -0.917303 0.032616 0.009104 0.999426 46.944790
0.999340 0.016743 -0.032240 -0.776863 -0.016930 0.999841 -0.005526 -0.949231 0.032142 0.006068 0.999465 48.022419
0.999341 0.017361 -0.031873 -0.808585 -0.017477 0.999842 -0.003351 -0.974977 0.031809 0.003906 0.999486 49.121719
0.999371 0.016396 -0.031453 -0.851682 -0.016474 0.999862 -0.002236 -0.997695 0.031412 0.002753 0.999503 50.202374
0.999381 0.016553 -0.031037 -0.880467 -0.016671 0.999855 -0.003538 -1.015033 0.030974 0.004054 0.999512 51.276421
0.999404 0.015352 -0.030910 -0.896328 -0.015519 0.999866 -0.005182 -1.037251 0.030826 0.005659 0.999509 52.356209
0.999399 0.015807 -0.030844 -0.917158 -0.016043 0.999844 -0.007416 -1.065375 0.030722 0.007906 0.999497 53.429733
0.999419 0.014594 -0.030809 -0.941986 -0.014900 0.999841 -0.009750 -1.096362 0.030662 0.010204 0.999478 54.500446
0.999439 0.013081 -0.030845 -0.961351 -0.013489 0.999824 -0.013058 -1.133548 0.030668 0.013467 0.999439 55.553848
0.999459 0.011481 -0.030815 -0.982593 -0.011940 0.999820 -0.014758 -1.165627 0.030640 0.015118 0.999416 56.628677
0.999486 0.009491 -0.030616 -1.001741 -0.009874 0.999875 -0.012365 -1.200388 0.030495 0.012661 0.999455 57.693638
0.999507 0.007476 -0.030499 -1.019630 -0.007679 0.999949 -0.006564 -1.226000 0.030448 0.006795 0.999513 58.759823
0.999511 0.006163 -0.030641 -1.049694 -0.006183 0.999981 -0.000554 -1.247538 0.030637 0.000743 0.999530 59.889225
0.999516 0.004861 -0.030722 -1.066489 -0.004851 0.999988 0.000410 -1.276762 0.030724 -0.000261 0.999528 60.950878
0.999518 0.001289 -0.031006 -1.071708 -0.001375 0.999995 -0.002757 -1.294852 0.031002 0.002798 0.999515 62.021809
0.999519 0.000157 -0.031022 -1.086076 -0.000342 0.999982 -0.005969 -1.318122 0.031020 0.005977 0.999501 63.104923
0.999491 0.001947 -0.031850 -1.085822 -0.002272 0.999946 -0.010152 -1.339820 0.031829 0.010219 0.999441 64.162582
0.999469 0.001919 -0.032541 -1.085719 -0.002383 0.999896 -0.014231 -1.370537 0.032510 0.014301 0.999369 65.226494
0.999473 0.004984 -0.032081 -1.104111 -0.005466 0.999873 -0.014938 -1.396753 0.032002 0.015106 0.999374 66.300476
0.999454 0.008234 -0.032008 -1.118852 -0.008609 0.999895 -0.011622 -1.420726 0.031909 0.011891 0.999420 67.379211
0.999432 0.010085 -0.032159 -1.147911 -0.010397 0.999900 -0.009549 -1.452585 0.032059 0.009878 0.999437 68.477715
0.999420 0.009631 -0.032664 -1.169684 -0.009918 0.999913 -0.008662 -1.485439 0.032577 0.008981 0.999429 69.570030
0.999429 0.007699 -0.032903 -1.189246 -0.007963 0.999937 -0.007919 -1.512613 0.032840 0.008177 0.999427 70.647682
0.999420 0.006516 -0.033422 -1.209841 -0.006736 0.999956 -0.006465 -1.540850 0.033378 0.006686 0.999420 71.725517
0.999417 0.004525 -0.033833 -1.240796 -0.004671 0.999980 -0.004238 -1.565529 0.033813 0.004394 0.999418 72.819710
0.999397 0.003808 -0.034511 -1.266277 -0.003899 0.999989 -0.002575 -1.594007 0.034501 0.002708 0.999401 73.902863
0.999371 0.003402 -0.035289 -1.295582 -0.003544 0.999986 -0.003952 -1.617893 0.035275 0.004075 0.999369 74.989594
0.999337 0.003237 -0.036266 -1.320583 -0.003528 0.999962 -0.007966 -1.638068 0.036238 0.008088 0.999310 76.078430
0.999312 0.003568 -0.036926 -1.346575 -0.003928 0.999945 -0.009678 -1.673898 0.036889 0.009817 0.999271 77.160461
0.999271 0.005668 -0.037764 -1.369210 -0.005975 0.999950 -0.008025 -1.706423 0.037717 0.008244 0.999254 78.236618
0.999226 0.006884 -0.038740 -1.389499 -0.007029 0.999969 -0.003614 -1.733714 0.038714 0.003883 0.999243 79.300301
0.999187 0.008418 -0.039437 -1.416357 -0.008400 0.999965 0.000623 -1.762307 0.039441 -0.000291 0.999222 80.332504
0.999156 0.009693 -0.039920 -1.454485 -0.009653 0.999953 0.001203 -1.780972 0.039930 -0.000817 0.999202 81.371414
0.999114 0.009254 -0.041052 -1.478097 -0.009316 0.999956 -0.001321 -1.789426 0.041038 0.001703 0.999156 82.426781
0.999123 0.009508 -0.040782 -1.541989 -0.009602 0.999952 -0.002110 -1.812818 0.040760 0.002500 0.999166 83.472130
0.999132 0.008927 -0.040701 -1.600066 -0.009012 0.999958 -0.001917 -1.844327 0.040682 0.002282 0.999170 84.518234
0.999111 0.007819 -0.041430 -1.639827 -0.007897 0.999967 -0.001703 -1.865418 0.041415 0.002029 0.999140 85.561043
0.999107 0.006672 -0.041719 -1.684355 -0.006696 0.999977 -0.000450 -1.880363 0.041715 0.000729 0.999129 86.586624
0.999085 0.007014 -0.042181 -1.732040 -0.006923 0.999973 0.002309 -1.901935 0.042196 -0.002015 0.999107 87.569374
0.999063 0.006068 -0.042857 -1.782996 -0.005916 0.999976 0.003685 -1.934466 0.042878 -0.003428 0.999074 88.557281
0.998983 0.004843 -0.044836 -1.828483 -0.004668 0.999981 0.004000 -1.954955 0.044855 -0.003787 0.998986 89.522659
0.998830 0.004308 -0.048172 -1.879618 -0.004168 0.999987 0.003011 -1.974035 0.048184 -0.002806 0.998835 90.496071
0.998669 0.004469 -0.051386 -1.931087 -0.004341 0.999987 0.002599 -2.001793 0.051397 -0.002372 0.998676 91.415359
0.998516 0.004210 -0.054300 -1.981650 -0.004060 0.999988 0.002878 -2.018564 0.054311 -0.002654 0.998521 92.337128
0.998321 0.005615 -0.057653 -2.026798 -0.005400 0.999978 0.003887 -2.032802 0.057674 -0.003569 0.998329 93.212975
0.998137 0.006338 -0.060678 -2.077401 -0.006036 0.999969 0.005152 -2.053273 0.060708 -0.004776 0.998144 94.051361
0.997938 0.007777 -0.063714 -2.128823 -0.007362 0.999950 0.006745 -2.069884 0.063763 -0.006262 0.997945 94.873428
0.997753 0.009233 -0.066362 -2.188304 -0.008744 0.999933 0.007642 -2.086133 0.066429 -0.007045 0.997766 95.668106
0.997530 0.011260 -0.069333 -2.239164 -0.010729 0.999910 0.008040 -2.096036 0.069417 -0.007277 0.997561 96.424713
0.997304 0.013155 -0.072187 -2.294481 -0.012700 0.999896 0.006768 -2.108482 0.072269 -0.005833 0.997368 97.159126
0.997124 0.014174 -0.074454 -2.359884 -0.013969 0.999897 0.003277 -2.128197 0.074492 -0.002228 0.997219 97.855431
0.996883 0.016745 -0.077101 -2.417451 -0.016834 0.999858 -0.000502 -2.138103 0.077082 0.001798 0.997023 98.540199
0.996657 0.018330 -0.079623 -2.466078 -0.018643 0.999821 -0.003191 -2.151330 0.079550 0.004665 0.996820 99.194099
0.996554 0.020289 -0.080430 -2.529088 -0.020671 0.999779 -0.003921 -2.171448 0.080333 0.005570 0.996753 99.815529
0.996556 0.023028 -0.079666 -2.583272 -0.023397 0.999719 -0.003696 -2.183101 0.079559 0.005547 0.996815 100.419479
0.996697 0.026599 -0.076737 -2.630665 -0.026849 0.999637 -0.002235 -2.196322 0.076650 0.004288 0.997049 100.994698
0.997029 0.029254 -0.071262 -2.673385 -0.029382 0.999568 -0.000743 -2.214101 0.071210 0.002834 0.997457 101.536415
0.997506 0.030240 -0.063776 -2.700907 -0.030259 0.999542 0.000679 -2.215143 0.063768 0.001253 0.997964 102.063416
0.998074 0.030147 -0.054211 -2.720257 -0.030010 0.999544 0.003344 -2.231197 0.054287 -0.001711 0.998524 102.565041
0.998663 0.029730 -0.042290 -2.739115 -0.029584 0.999554 0.004060 -2.234047 0.042392 -0.002803 0.999097 103.041275
0.999165 0.028860 -0.028906 -2.740111 -0.028756 0.999578 0.004039 -2.244200 0.029010 -0.003204 0.999574 103.519409
0.999485 0.028742 -0.014263 -2.723112 -0.028697 0.999582 0.003369 -2.256819 0.014354 -0.002958 0.999893 103.969978
0.999624 0.027218 0.003452 -2.699893 -0.027220 0.999629 0.000460 -2.273588 -0.003438 -0.000554 0.999994 104.403503
0.999345 0.026635 0.024486 -2.668569 -0.026537 0.999638 -0.004345 -2.280802 -0.024592 0.003692 0.999691 104.833572
0.998538 0.024295 0.048295 -2.617222 -0.023896 0.999676 -0.008823 -2.298947 -0.048494 0.007656 0.998794 105.254089
0.996944 0.021993 0.074958 -2.549030 -0.021157 0.999705 -0.011929 -2.304640 -0.075198 0.010307 0.997115 105.672783
0.994365 0.019037 0.104292 -2.464085 -0.017767 0.999756 -0.013092 -2.319748 -0.104516 0.011166 0.994461 106.089722
0.990456 0.017093 0.136766 -2.381815 -0.015124 0.999767 -0.015425 -2.325573 -0.136998 0.013209 0.990483 106.479195
0.984963 0.014400 0.172165 -2.273605 -0.011659 0.999789 -0.016920 -2.341468 -0.172372 0.014659 0.984923 106.877174
0.977567 0.011126 0.210331 -2.147346 -0.007588 0.999816 -0.017619 -2.352501 -0.210489 0.015628 0.977471 107.266449
0.968060 0.009129 0.250553 -2.022186 -0.004549 0.999812 -0.018853 -2.364507 -0.250678 0.017111 0.967919 107.628868
0.956299 0.010304 0.292210 -1.880563 -0.004626 0.999787 -0.020117 -2.377846 -0.292355 0.017886 0.956143 107.982002
0.941472 0.012635 0.336853 -1.730587 -0.005983 0.999766 -0.020778 -2.391608 -0.337037 0.017547 0.941328 108.328285
0.924103 0.012883 0.381927 -1.567542 -0.005717 0.999786 -0.019892 -2.401791 -0.382102 0.016199 0.923978 108.654579
0.904113 0.012453 0.427112 -1.392791 -0.004763 0.999807 -0.019069 -2.410681 -0.427267 0.015206 0.903998 108.971306
0.881422 0.011241 0.472195 -1.198458 -0.002116 0.999801 -0.019852 -2.422311 -0.472324 0.016499 0.881271 109.267845
0.856220 0.011961 0.516473 -0.995928 -0.000642 0.999756 -0.022089 -2.437697 -0.516611 0.018582 0.856019 109.558563
0.829030 0.014001 0.559029 -0.767649 0.000468 0.999669 -0.025731 -2.452407 -0.559205 0.021594 0.828748 109.831696
0.798370 0.019153 0.601863 -0.532131 -0.000679 0.999522 -0.030906 -2.459625 -0.602167 0.024266 0.798001 110.104034
0.764954 0.025244 0.643590 -0.274242 -0.003428 0.999377 -0.035125 -2.469721 -0.644076 0.024663 0.764564 110.366913
0.728307 0.029977 0.684595 -0.004405 -0.005077 0.999251 -0.038353 -2.477286 -0.685232 0.024457 0.727914 110.601601
0.689465 0.030259 0.723687 0.293002 -0.002298 0.999213 -0.039589 -2.489335 -0.724315 0.025632 0.688992 110.829842
0.648546 0.027792 0.760668 0.610392 0.002146 0.999263 -0.038339 -2.501549 -0.761173 0.026497 0.648008 111.047050
0.604386 0.026000 0.796267 0.938746 0.004206 0.999349 -0.035824 -2.510673 -0.796681 0.025001 0.603883 111.257301
0.558031 0.024492 0.829459 1.284968 0.005148 0.999443 -0.032975 -2.526407 -0.829804 0.022672 0.557594 111.452599
0.509693 0.021919 0.860077 1.647746 0.007481 0.999525 -0.029906 -2.540631 -0.860324 0.021678 0.509287 111.627914
0.458358 0.018107 0.888583 2.007310 0.010578 0.999610 -0.025826 -2.557738 -0.888705 0.021237 0.457988 111.784485
0.405913 0.018394 0.913727 2.353906 0.008631 0.999676 -0.023958 -2.572324 -0.913871 0.017612 0.405623 111.924721
0.354681 0.023048 0.934703 2.680171 0.005538 0.999627 -0.026750 -2.592073 -0.934971 0.014664 0.354421 112.025383
0.304388 0.028066 0.952134 3.021063 0.005826 0.999492 -0.031324 -2.604018 -0.952530 0.015082 0.304070 112.100197
0.257379 0.030078 0.965842 3.383194 0.006398 0.999440 -0.032829 -2.627256 -0.966289 0.014629 0.257043 112.164810
0.216384 0.029778 0.975854 3.819437 0.014136 0.999334 -0.033629 -2.642061 -0.976206 0.021071 0.215819 112.216064
0.181013 0.029710 0.983032 4.280814 0.022448 0.999158 -0.034331 -2.654129 -0.983225 0.028281 0.180193 112.264801
0.150153 0.031210 0.988170 4.759288 0.026645 0.999011 -0.035601 -2.669062 -0.988304 0.031675 0.149173 112.321503
0.121224 0.029481 0.992187 5.264238 0.023780 0.999186 -0.032594 -2.697917 -0.992340 0.027546 0.120424 112.389870
0.095689 0.026024 0.995071 5.782548 0.017099 0.999468 -0.027783 -2.716172 -0.995264 0.019674 0.095193 112.433701
0.071220 0.022044 0.997217 6.328775 0.012323 0.999660 -0.022978 -2.736986 -0.997385 0.013926 0.070924 112.483459
0.048441 0.019759 0.998631 6.879941 0.017390 0.999636 -0.020623 -2.753725 -0.998675 0.018366 0.048080 112.496086
0.028621 0.020507 0.999380 7.453891 0.026957 0.999410 -0.021279 -2.768302 -0.999227 0.027549 0.028051 112.483665
0.011357 0.022922 0.999673 8.021198 0.032088 0.999214 -0.023276 -2.789989 -0.999421 0.032342 0.010613 112.466064
-0.003368 0.028636 0.999584 8.617693 0.032832 0.999054 -0.028510 -2.796758 -0.999455 0.032722 -0.004304 112.465508
-0.013997 0.033176 0.999352 9.248996 0.030481 0.998999 -0.032738 -2.816229 -0.999437 0.030003 -0.014995 112.451530
-0.020503 0.033015 0.999245 9.875196 0.033279 0.998923 -0.032322 -2.833026 -0.999236 0.032591 -0.021579 112.429359
-0.023237 0.029848 0.999284 10.544166 0.039752 0.998791 -0.028908 -2.858175 -0.998939 0.039052 -0.024395 112.407997
-0.023008 0.028166 0.999338 11.225492 0.041102 0.998785 -0.027205 -2.881788 -0.998890 0.040449 -0.024138 112.394203
-0.021437 0.027596 0.999389 11.915317 0.040047 0.998840 -0.026722 -2.909749 -0.998968 0.039449 -0.022518 112.387367
-0.020364 0.028024 0.999400 12.630197 0.036779 0.998951 -0.027262 -2.934213 -0.999116 0.036202 -0.021374 112.386177
-0.019769 0.029212 0.999378 13.366666 0.035688 0.998957 -0.028494 -2.960262 -0.999167 0.035103 -0.020791 112.388603
-0.018903 0.030142 0.999367 14.096113 0.034995 0.998953 -0.029468 -2.985515 -0.999209 0.034416 -0.019938 112.373833
-0.018329 0.029746 0.999389 14.856405 0.034209 0.998991 -0.029107 -3.011730 -0.999247 0.033654 -0.019328 112.363876
-0.017916 0.028037 0.999446 15.650342 0.033191 0.999073 -0.027431 -3.048516 -0.999288 0.032681 -0.018830 112.358368
-0.018183 0.026989 0.999470 16.425320 0.034261 0.999065 -0.026354 -3.072760 -0.999247 0.033764 -0.019090 112.360207
-0.018896 0.024800 0.999514 17.229410 0.034763 0.999104 -0.024132 -3.100065 -0.999217 0.034290 -0.019741 112.346832
-0.020253 0.022976 0.999531 18.032787 0.032515 0.999222 -0.022310 -3.130226 -0.999266 0.032048 -0.020984 112.334839
-0.021692 0.021816 0.999527 18.844688 0.032003 0.999265 -0.021116 -3.157261 -0.999252 0.031530 -0.022374 112.323868
-0.022881 0.019517 0.999548 19.678698 0.034698 0.999223 -0.018716 -3.178977 -0.999136 0.034254 -0.023541 112.302940
-0.024326 0.018176 0.999539 20.467804 0.035821 0.999209 -0.017298 -3.198766 -0.999062 0.035383 -0.024958 112.283386
-0.026567 0.017145 0.999500 21.251112 0.033344 0.999312 -0.016256 -3.227852 -0.999091 0.032896 -0.027121 112.271622
-0.027674 0.021953 0.999376 22.071005 0.031107 0.999294 -0.021090 -3.249854 -0.999133 0.030504 -0.028338 112.251495
-0.028383 0.026772 0.999239 22.896740 0.032454 0.999139 -0.025848 -3.273322 -0.999070 0.031696 -0.029227 112.218170
-0.029618 0.028416 0.999157 23.737904 0.032491 0.999095 -0.027451 -3.303121 -0.999033 0.031651 -0.030515 112.190033
-0.031479 0.026616 0.999150 24.580341 0.028997 0.999249 -0.025705 -3.328653 -0.999084 0.028163 -0.032228 112.170815
-0.032869 0.022070 0.999216 25.455797 0.026130 0.999433 -0.021216 -3.367239 -0.999118 0.025412 -0.033427 112.153351
-0.033405 0.016738 0.999302 26.332739 0.025104 0.999558 -0.015903 -3.397999 -0.999127 0.024555 -0.033811 112.127029
-0.034634 0.011552 0.999333 27.186285 0.022100 0.999698 -0.010791 -3.414816 -0.999156 0.021712 -0.034878 112.117867
-0.034724 0.010082 0.999346 28.034479 0.021042 0.999735 -0.009355 -3.442985 -0.999175 0.020703 -0.034927 112.097809
-0.033731 0.016990 0.999287 28.873158 0.023400 0.999595 -0.016205 -3.473908 -0.999157 0.022837 -0.034115 112.070015
-0.032679 0.028304 0.999065 29.695778 0.025969 0.999286 -0.027461 -3.497279 -0.999128 0.025048 -0.033391 112.041374
-0.032073 0.033577 0.998921 30.538372 0.028075 0.999071 -0.032680 -3.522402 -0.999091 0.026997 -0.032986 112.011490
-0.030130 0.028192 0.999148 31.355869 0.030190 0.999172 -0.027282 -3.553015 -0.999090 0.029343 -0.030956 111.968369
-0.028874 0.020490 0.999373 32.174690 0.034391 0.999218 -0.019493 -3.583802 -0.998991 0.033806 -0.029556 111.922516
-0.028119 0.017413 0.999453 33.006809 0.035248 0.999244 -0.016418 -3.616223 -0.998983 0.034767 -0.028711 111.876259
-0.027439 0.018284 0.999456 33.787651 0.035438 0.999222 -0.017306 -3.640929 -0.998995 0.034944 -0.028065 111.824745
-0.029375 0.019375 0.999381 34.649464 0.031954 0.999319 -0.018434 -3.666924 -0.999058 0.031393 -0.029974 111.828278
-0.031472 0.019455 0.999315 35.482121 0.030009 0.999378 -0.018511 -3.697545 -0.999054 0.029406 -0.032037 111.813774
-0.033945 0.019787 0.999228 36.337757 0.031378 0.999332 -0.018723 -3.720754 -0.998931 0.030718 -0.034543 111.794052
-0.035691 0.020282 0.999157 37.124264 0.030123 0.999362 -0.019210 -3.751057 -0.998909 0.029412 -0.036279 111.760933
-0.038206 0.020419 0.999061 37.926399 0.027489 0.999434 -0.019375 -3.787295 -0.998892 0.026723 -0.038746 111.733299
-0.040243 0.019592 0.998998 38.725979 0.026812 0.999469 -0.018521 -3.811245 -0.998830 0.026039 -0.040747 111.703491
-0.042379 0.018242 0.998935 39.519684 0.027138 0.999485 -0.017101 -3.846084 -0.998733 0.026384 -0.042852 111.671661
-0.044691 0.018533 0.998829 40.343369 0.027602 0.999469 -0.017310 -3.873639 -0.998619 0.026796 -0.045179 111.649742
-0.046364 0.019355 0.998737 41.131920 0.027232 0.999465 -0.018105 -3.904079 -0.998553 0.026358 -0.046866 111.609825
-0.048183 0.020187 0.998635 41.953102 0.028693 0.999411 -0.018819 -3.920664 -0.998426 0.027747 -0.048734 111.591393
-0.049638 0.018676 0.998593 42.747913 0.029859 0.999406 -0.017207 -3.955004 -0.998321 0.028963 -0.050166 111.554962
-0.051733 0.018560 0.998488 43.536514 0.031223 0.999369 -0.016958 -3.976795 -0.998173 0.030299 -0.052280 111.522980
-0.053385 0.018358 0.998405 44.313290 0.031667 0.999359 -0.016682 -4.001326 -0.998072 0.030726 -0.053932 111.485855
-0.054441 0.017327 0.998367 45.065224 0.030558 0.999410 -0.015679 -4.031153 -0.998049 0.029655 -0.054939 111.442261
-0.055053 0.016112 0.998353 45.796448 0.030159 0.999440 -0.014466 -4.055082 -0.998028 0.029313 -0.055508 111.397568
-0.055936 0.016316 0.998301 46.528393 0.031108 0.999409 -0.014591 -4.078108 -0.997950 0.030239 -0.056411 111.359329
-0.056416 0.018972 0.998227 47.245770 0.031721 0.999349 -0.017201 -4.102428 -0.997903 0.030694 -0.056981 111.326546
-0.056569 0.021781 0.998161 47.946400 0.031936 0.999290 -0.019996 -4.130342 -0.997888 0.030746 -0.057224 111.282181
-0.056768 0.023384 0.998114 48.636681 0.030762 0.999292 -0.021662 -4.159067 -0.997913 0.029474 -0.057447 111.243576
-0.056521 0.024685 0.998096 49.337879 0.032059 0.999224 -0.022897 -4.181279 -0.997887 0.030703 -0.057269 111.197731
-0.056543 0.024837 0.998091 50.063358 0.033907 0.999162 -0.022942 -4.204987 -0.997824 0.032545 -0.057338 111.159233
-0.057119 0.024405 0.998069 50.780384 0.034632 0.999148 -0.022450 -4.232010 -0.997767 0.033283 -0.057916 111.124527
-0.057605 0.024298 0.998044 51.481243 0.030493 0.999280 -0.022568 -4.263136 -0.997874 0.029133 -0.058305 111.090523
-0.058579 0.024662 0.997978 52.211884 0.028699 0.999323 -0.023010 -4.289826 -0.997870 0.027293 -0.059247 111.075264
-0.057921 0.023845 0.998036 52.909008 0.032018 0.999245 -0.022016 -4.311709 -0.997808 0.030679 -0.058641 111.026237
-0.059000 0.023125 0.997990 53.602703 0.032352 0.999251 -0.021242 -4.341378 -0.997734 0.031033 -0.059704 110.985825
-0.062634 0.022724 0.997778 54.284050 0.029009 0.999360 -0.020939 -4.366694 -0.997615 0.027633 -0.063253 110.948250
-0.068170 0.022233 0.997426 54.975471 0.025680 0.999460 -0.020523 -4.393041 -0.997343 0.024215 -0.068704 110.909004
-0.073829 0.026337 0.996923 55.650928 0.029061 0.999283 -0.024247 -4.417251 -0.996847 0.027181 -0.074542 110.849831
-0.080155 0.029309 0.996351 56.331848 0.032519 0.999112 -0.026774 -4.439492 -0.996252 0.030254 -0.081037 110.782990
-0.087118 0.031008 0.995715 56.999557 0.032076 0.999085 -0.028306 -4.466657 -0.995681 0.029473 -0.088033 110.713097
-0.093529 0.030198 0.995158 57.674679 0.028649 0.999208 -0.027628 -4.492689 -0.995204 0.025927 -0.094320 110.647324
-0.098836 0.029274 0.994673 58.375389 0.028439 0.999242 -0.026582 -4.516372 -0.994697 0.025660 -0.099594 110.572701
-0.103403 0.030199 0.994181 59.104134 0.026762 0.999262 -0.027570 -4.539721 -0.994279 0.023755 -0.104135 110.489990
-0.107331 0.029565 0.993784 59.832172 0.024684 0.999329 -0.027064 -4.565176 -0.993917 0.021626 -0.107989 110.411087
-0.109687 0.026516 0.993612 60.552269 0.025664 0.999386 -0.023837 -4.591124 -0.993635 0.022886 -0.110300 110.320778
-0.111033 0.023611 0.993536 61.296886 0.028152 0.999391 -0.020604 -4.616170 -0.993418 0.025682 -0.111630 110.222687
-0.112284 0.020730 0.993460 62.029900 0.027544 0.999463 -0.017742 -4.642667 -0.993294 0.025372 -0.112795 110.129845
-0.113313 0.020774 0.993342 62.747303 0.026566 0.999487 -0.017872 -4.658559 -0.993204 0.024364 -0.113806 110.047165
-0.113521 0.024485 0.993234 63.444180 0.028908 0.999354 -0.021332 -4.687197 -0.993115 0.026291 -0.114156 109.960648
-0.113062 0.028600 0.993176 64.166176 0.035076 0.999077 -0.024777 -4.713607 -0.992969 0.032035 -0.113960 109.859489
-0.113260 0.033770 0.992991 64.913147 0.043184 0.998645 -0.029037 -4.740489 -0.992626 0.039592 -0.114565 109.757851
-0.114000 0.034964 0.992865 65.668358 0.044061 0.998575 -0.030106 -4.769819 -0.992503 0.040315 -0.115379 109.665916
-0.114290 0.032918 0.992902 66.432243 0.041904 0.998721 -0.028287 -4.797076 -0.992563 0.038374 -0.115523 109.581566
-0.114248 0.027779 0.993064 67.197777 0.042370 0.998836 -0.023066 -4.832114 -0.992548 0.039441 -0.115292 109.493942
-0.114244 0.025840 0.993117 67.953384 0.045214 0.998761 -0.020786 -4.865018 -0.992423 0.042528 -0.115271 109.404999
-0.115329 0.025392 0.993003 68.729332 0.044490 0.998802 -0.020373 -4.896851 -0.992331 0.041829 -0.116320 109.317131
-0.117142 0.026462 0.992763 69.477478 0.043966 0.998803 -0.021435 -4.926056 -0.992141 0.041137 -0.118165 109.234245
-0.119663 0.027186 0.992442 70.243683 0.043237 0.998819 -0.022147 -4.954441 -0.991873 0.040260 -0.120697 109.154877
-0.122068 0.027309 0.992146 70.967491 0.043914 0.998791 -0.022089 -4.983942 -0.991550 0.040873 -0.123119 109.069763
-0.124457 0.027528 0.991843 71.765686 0.044199 0.998777 -0.022174 -5.013798 -0.991240 0.041078 -0.125522 108.987717
-0.126863 0.027349 0.991543 72.563835 0.043627 0.998806 -0.021968 -5.037608 -0.990960 0.040471 -0.127905 108.909813
-0.128548 0.028117 0.991305 73.278870 0.042870 0.998821 -0.022771 -5.061934 -0.990776 0.039570 -0.129602 108.812820
-0.129288 0.029104 0.991180 74.010010 0.041995 0.998833 -0.023851 -5.099376 -0.990717 0.038541 -0.130359 108.706528
-0.130407 0.029182 0.991031 74.730293 0.039499 0.998926 -0.024217 -5.133212 -0.990673 0.035987 -0.131419 108.615372
-0.131456 0.029412 0.990886 75.442650 0.039579 0.998918 -0.024400 -5.165541 -0.990532 0.036011 -0.132478 108.510887
-0.133200 0.028236 0.990687 76.248772 0.040562 0.998912 -0.023017 -5.182752 -0.990259 0.037119 -0.134201 108.425262
-0.133948 0.025656 0.990656 77.006012 0.038166 0.999057 -0.020713 -5.214710 -0.990253 0.035034 -0.134801 108.315475
-0.135653 0.023835 0.990470 77.810822 0.036186 0.999163 -0.019089 -5.235538 -0.990095 0.033252 -0.136402 108.209984
-0.137703 0.023198 0.990202 78.611145 0.037346 0.999136 -0.018214 -5.263967 -0.989769 0.034471 -0.138450 108.102234
-0.139526 0.024198 0.989923 79.424866 0.039062 0.999058 -0.018916 -5.285421 -0.989448 0.036029 -0.140340 107.988472
-0.141859 0.025627 0.989555 80.213837 0.038525 0.999050 -0.020350 -5.309919 -0.989137 0.035236 -0.142711 107.879723
-0.143609 0.029432 0.989197 81.029999 0.040684 0.998888 -0.023814 -5.335173 -0.988798 0.036824 -0.144646 107.772789
-0.143652 0.033100 0.989075 81.841347 0.042373 0.998730 -0.027269 -5.373520 -0.988721 0.037993 -0.144873 107.640312
-0.144703 0.037160 0.988777 82.668915 0.043912 0.998551 -0.031101 -5.406656 -0.988500 0.038918 -0.146126 107.518448
-0.144402 0.038403 0.988774 83.513214 0.046424 0.998409 -0.031998 -5.440770 -0.988429 0.041282 -0.145956 107.392464
-0.143921 0.038115 0.988855 84.359886 0.050647 0.998232 -0.031105 -5.471609 -0.988292 0.045606 -0.145597 107.264183
-0.143742 0.035784 0.988968 85.215988 0.051276 0.998273 -0.028668 -5.516239 -0.988286 0.046589 -0.145329 107.138252
-0.143196 0.034443 0.989095 86.062378 0.050658 0.998339 -0.027431 -5.547334 -0.988397 0.046178 -0.144703 107.023270
-0.141846 0.031971 0.989372 86.916649 0.049971 0.998435 -0.025100 -5.584383 -0.988627 0.045880 -0.143222 106.903336
-0.139996 0.028194 0.989751 87.758797 0.049859 0.998527 -0.021391 -5.627870 -0.988896 0.046353 -0.141196 106.776665
-0.138525 0.025172 0.990039 88.612495 0.050800 0.998542 -0.018280 -5.654684 -0.989055 0.047762 -0.139601 106.655510
-0.137103 0.024839 0.990245 89.482971 0.048928 0.998635 -0.018276 -5.688331 -0.989348 0.045946 -0.138131 106.543175
-0.135289 0.029429 0.990369 90.343475 0.050378 0.998470 -0.022788 -5.717269 -0.989525 0.046810 -0.136565 106.417374
-0.133644 0.035790 0.990383 91.198532 0.050642 0.998289 -0.029242 -5.748572 -0.989735 0.046247 -0.135228 106.307167
-0.131946 0.039754 0.990459 92.058235 0.048971 0.998237 -0.033542 -5.774406 -0.990047 0.044078 -0.133660 106.188416
-0.130082 0.037583 0.990791 92.906609 0.048334 0.998334 -0.031524 -5.805265 -0.990324 0.043789 -0.131682 106.069717
-0.129516 0.034748 0.990968 93.755142 0.047994 0.998434 -0.028737 -5.846677 -0.990415 0.043838 -0.130981 105.972862
-0.128910 0.032982 0.991108 94.610214 0.048861 0.998444 -0.026871 -5.883360 -0.990452 0.044963 -0.130321 105.859940
-0.128339 0.033041 0.991180 95.476402 0.048012 0.998480 -0.027068 -5.912094 -0.990568 0.044115 -0.129730 105.753250
-0.127986 0.033011 0.991226 96.300339 0.047754 0.998492 -0.027087 -5.949452 -0.990626 0.043869 -0.129369 105.656090
-0.127340 0.031243 0.991367 97.151146 0.050113 0.998430 -0.025029 -5.984753 -0.990592 0.046493 -0.128706 105.553604
-0.125969 0.030969 0.991551 98.006874 0.052606 0.998315 -0.024497 -6.014647 -0.990638 0.049076 -0.127386 105.434929
-0.125316 0.032577 0.991582 98.849792 0.055097 0.998147 -0.025829 -6.044256 -0.990586 0.051396 -0.126879 105.331894
-0.125271 0.034636 0.991518 99.709602 0.055593 0.998065 -0.027841 -6.086421 -0.990564 0.051634 -0.126954 105.232811
-0.124563 0.036632 0.991535 100.549377 0.052714 0.998151 -0.030254 -6.112069 -0.990810 0.048500 -0.126264 105.134880
-0.124851 0.032143 0.991655 101.391388 0.047037 0.998543 -0.026445 -6.151941 -0.991060 0.043343 -0.126181 105.057045
-0.126630 0.030182 0.991491 102.224510 0.041545 0.998821 -0.025099 -6.187784 -0.991080 0.038013 -0.127735 104.997284
-0.128772 0.030561 0.991203 103.067200 0.037997 0.998943 -0.025863 -6.226810 -0.990946 0.034332 -0.129798 104.919891
-0.131605 0.035501 0.990666 103.878853 0.034498 0.998917 -0.031214 -6.259156 -0.990702 0.030068 -0.132687 104.854103
-0.133244 0.038188 0.990347 104.684616 0.032810 0.998880 -0.034102 -6.295545 -0.990540 0.027949 -0.134348 104.772469
-0.134464 0.038639 0.990165 105.499649 0.033401 0.998848 -0.034442 -6.335270 -0.990355 0.028442 -0.135599 104.682144
-0.135646 0.037925 0.990031 106.280602 0.034220 0.998850 -0.033574 -6.378489 -0.990166 0.029325 -0.136787 104.589622
-0.136976 0.038639 0.989820 107.053192 0.035204 0.998798 -0.034118 -6.422038 -0.989949 0.030172 -0.138172 104.499832
-0.137692 0.041816 0.989592 107.861931 0.036983 0.998629 -0.037052 -6.466978 -0.989784 0.031496 -0.139050 104.395920
-0.137998 0.043328 0.989484 108.695877 0.036905 0.998574 -0.038579 -6.506731 -0.989745 0.031193 -0.139400 104.278717
-0.139385 0.043431 0.989285 109.489014 0.034560 0.998643 -0.038972 -6.553676 -0.989635 0.028757 -0.140697 104.166046
-0.142169 0.042585 0.988926 110.295921 0.033531 0.998708 -0.038186 -6.593250 -0.989274 0.027731 -0.143413 104.063820
-0.145195 0.043908 0.988428 111.091316 0.033742 0.998653 -0.039406 -6.638267 -0.988828 0.027630 -0.146481 103.946503
-0.149366 0.046493 0.987688 111.877754 0.033391 0.998561 -0.041955 -6.687492 -0.988218 0.026713 -0.150704 103.842125
-0.152581 0.048005 0.987124 112.678253 0.032164 0.998532 -0.043588 -6.729540 -0.987768 0.025099 -0.153901 103.724991
-0.156453 0.048359 0.986501 113.484398 0.033425 0.998488 -0.043645 -6.771571 -0.987120 0.026145 -0.157833 103.613785
-0.159668 0.047028 0.986050 114.277962 0.035237 0.998500 -0.041916 -6.817813 -0.986542 0.028053 -0.161086 103.492622
-0.162309 0.047873 0.985578 115.064102 0.036801 0.998421 -0.042437 -6.866521 -0.986053 0.029382 -0.163815 103.363129
-0.164883 0.052202 0.984931 115.846519 0.032130 0.998353 -0.047535 -6.914469 -0.985790 0.023808 -0.166289 103.248856
-0.166615 0.059492 0.984226 116.615776 0.030567 0.998010 -0.055150 -6.960677 -0.985548 0.020896 -0.168101 103.124176
-0.169562 0.062590 0.983530 117.386826 0.035044 0.997733 -0.057452 -7.007720 -0.984896 0.024725 -0.171371 102.988884
-0.172081 0.060991 0.983193 118.171844 0.037753 0.997757 -0.055287 -7.056433 -0.984359 0.027605 -0.173997 102.841927
-0.175928 0.053403 0.982953 118.959846 0.037082 0.998178 -0.047593 -7.112124 -0.983704 0.028077 -0.177588 102.709351
-0.178224 0.051134 0.982660 119.740990 0.035968 0.998320 -0.045425 -7.167157 -0.983332 0.027249 -0.179764 102.565117
-0.179950 0.054465 0.982167 120.496841 0.036051 0.998160 -0.048747 -7.207405 -0.983015 0.026636 -0.181583 102.421875
-0.182724 0.058219 0.981439 121.253166 0.033584 0.998032 -0.052951 -7.248742 -0.982590 0.023285 -0.184320 102.282463
-0.185155 0.060851 0.980824 122.013260 0.033499 0.997892 -0.055586 -7.297250 -0.982138 0.022564 -0.186803 102.144638
-0.187126 0.065229 0.980168 122.750381 0.036962 0.997554 -0.059330 -7.353190 -0.981640 0.025127 -0.189079 102.000038
-0.188953 0.069969 0.979490 123.491447 0.038453 0.997220 -0.063818 -7.404629 -0.981233 0.025606 -0.191118 101.852196
-0.191862 0.072114 0.978769 124.247841 0.037461 0.997108 -0.066122 -7.459708 -0.980707 0.023979 -0.194009 101.709671
-0.194073 0.069982 0.978488 124.989677 0.038916 0.997216 -0.063603 -7.514090 -0.980215 0.025735 -0.196257 101.563309
-0.197929 0.066343 0.977969 125.732910 0.043749 0.997311 -0.058801 -7.576786 -0.979240 0.031147 -0.200299 101.402107
-0.203342 0.065367 0.976923 126.457848 0.046164 0.997299 -0.057121 -7.627731 -0.978019 0.033484 -0.205811 101.239334
-0.209030 0.063479 0.975847 127.191666 0.044857 0.997463 -0.055276 -7.688582 -0.976880 0.032220 -0.211347 101.071800
-0.218096 0.063911 0.973832 127.918915 0.044345 0.997472 -0.055531 -7.741844 -0.974919 0.031074 -0.220379 100.915649
-0.228442 0.064203 0.971438 128.630051 0.044340 0.997474 -0.055497 -7.798102 -0.972547 0.030396 -0.230712 100.740616
-0.240323 0.065513 0.968480 129.335190 0.045704 0.997377 -0.056127 -7.840306 -0.969616 0.030775 -0.242687 100.560341
-0.253020 0.066258 0.965189 130.036362 0.046722 0.997325 -0.056216 -7.892514 -0.966332 0.030871 -0.255439 100.374611
-0.264783 0.066866 0.961987 130.746536 0.050241 0.997195 -0.055485 -7.936092 -0.962998 0.033640 -0.267399 100.170685
-0.276037 0.066951 0.958812 131.440765 0.053949 0.997078 -0.054092 -7.988700 -0.959632 0.036795 -0.278843 99.961685
-0.286255 0.066874 0.955817 132.137756 0.058222 0.996932 -0.052313 -8.039618 -0.956383 0.040674 -0.289270 99.742271
-0.294825 0.067651 0.953153 132.823410 0.064444 0.996627 -0.050804 -8.090366 -0.953376 0.046447 -0.298191 99.509628
-0.302879 0.067870 0.950609 133.503555 0.069697 0.996367 -0.048930 -8.137769 -0.950477 0.051435 -0.306509 99.291977
-0.309955 0.067824 0.948329 134.183029 0.069366 0.996407 -0.048590 -8.187948 -0.948217 0.050721 -0.313547 99.073021
-0.314675 0.066068 0.946897 134.862640 0.073574 0.996271 -0.045063 -8.231617 -0.946344 0.055487 -0.318363 98.831688
-0.317042 0.063961 0.946252 135.535980 0.079968 0.995973 -0.040528 -8.269165 -0.945034 0.062821 -0.320881 98.601616
-0.318698 0.063417 0.945732 136.204544 0.086404 0.995549 -0.037640 -8.301846 -0.943910 0.069720 -0.322759 98.369675
-0.319953 0.061923 0.945408 136.876205 0.089184 0.995399 -0.035015 -8.347197 -0.943227 0.073113 -0.324003 98.136719
-0.319248 0.067324 0.945277 137.527954 0.091802 0.994979 -0.039860 -8.387688 -0.943214 0.074053 -0.323825 97.894371
-0.318043 0.070669 0.945439 138.171783 0.091968 0.994815 -0.043422 -8.422759 -0.943605 0.073140 -0.322893 97.677681
-0.318056 0.070955 0.945413 138.836777 0.093786 0.994659 -0.043100 -8.457276 -0.943422 0.074959 -0.323012 97.460800
-0.316520 0.069320 0.946050 139.492783 0.094633 0.994658 -0.041221 -8.498487 -0.943854 0.076480 -0.321389 97.237305
-0.314793 0.066865 0.946802 140.145157 0.097241 0.994539 -0.037905 -8.541976 -0.944166 0.080136 -0.319576 97.015404
-0.313741 0.067555 0.947102 140.793198 0.098375 0.994411 -0.038341 -8.581491 -0.944399 0.081142 -0.318633 96.799187
-0.311102 0.069858 0.947805 141.441986 0.099441 0.994213 -0.040638 -8.621976 -0.945160 0.081608 -0.316249 96.579742
-0.307265 0.071822 0.948910 142.100098 0.100716 0.994002 -0.042623 -8.659752 -0.946279 0.082474 -0.312656 96.375824
-0.301984 0.070828 0.950678 142.736420 0.101695 0.993939 -0.041747 -8.701617 -0.947873 0.084072 -0.307357 96.167656
-0.297020 0.069069 0.952370 143.361893 0.102628 0.993912 -0.040075 -8.744048 -0.949340 0.085837 -0.302301 95.969742
-0.292108 0.066953 0.954039 143.975800 0.103465 0.993904 -0.038072 -8.784764 -0.950772 0.087588 -0.297254 95.767143
-0.288610 0.065727 0.955188 144.596573 0.102372 0.994040 -0.037469 -8.829082 -0.951958 0.086970 -0.293618 95.580833
-0.285055 0.064156 0.956362 145.204681 0.102797 0.994049 -0.036044 -8.865626 -0.952983 0.088036 -0.289954 95.396965
-0.280859 0.062996 0.957679 145.805206 0.106461 0.993730 -0.034145 -8.895272 -0.953826 0.092366 -0.285805 95.208008
-0.277589 0.061241 0.958746 146.417969 0.107276 0.993701 -0.032413 -8.932006 -0.954692 0.093853 -0.282410 95.027367
-0.274429 0.059761 0.959749 147.018173 0.105766 0.993887 -0.031645 -8.969493 -0.955773 0.092824 -0.279072 94.847397
-0.270925 0.060352 0.960707 147.624405 0.102990 0.994121 -0.033408 -9.007457 -0.957075 0.089892 -0.275548 94.680107
-0.266613 0.064138 0.961667 148.234940 0.104334 0.993840 -0.037358 -9.036131 -0.958140 0.090375 -0.271662 94.513191
-0.261137 0.067279 0.962954 148.836014 0.106072 0.993527 -0.040650 -9.071835 -0.959456 0.091527 -0.266583 94.347923
-0.254985 0.068167 0.964539 149.431030 0.105235 0.993543 -0.042397 -9.106638 -0.961201 0.090692 -0.260512 94.193687
-0.246609 0.066387 0.966838 150.013290 0.102194 0.993870 -0.042177 -9.144849 -0.963712 0.088404 -0.251882 94.045288
-0.235981 0.064560 0.969611 150.599564 0.101391 0.993980 -0.041507 -9.179120 -0.966454 0.088515 -0.241106 93.903297
-0.223614 0.063181 0.972628 151.184219 0.102428 0.993895 -0.041013 -9.217468 -0.969281 0.090453 -0.228720 93.766426
-0.210261 0.061907 0.975683 151.764282 0.102094 0.993927 -0.041063 -9.255108 -0.972300 0.090978 -0.215305 93.640610
-0.194484 0.061551 0.978973 152.324295 0.101421 0.993942 -0.042344 -9.289656 -0.975648 0.091053 -0.199549 93.523232
