1.000000 0.000000 0.000000 0.000000 0.000000 1.000000 0.000000 0.000000 0.000000 0.000000 1.000000 0.000000
0.999996 -0.001865 -0.002028 -0.001310 0.001864 0.999998 -0.000658 -0.018727 0.002029 0.000654 0.999998 0.560943
0.999992 -0.002501 -0.003230 -0.000518 0.002495 0.999995 -0.002034 -0.037197 0.003235 0.002026 0.999993 1.121716
0.999984 -0.002731 -0.004882 -0.004528 0.002714 0.999990 -0.003431 -0.050784 0.004891 0.003417 0.999982 1.686600
0.999968 -0.004356 -0.006739 -0.003450 0.004322 0.999978 -0.005028 -0.063260 0.006760 0.004999 0.999965 2.230144
0.999940 -0.006711 -0.008653 -0.002437 0.006652 0.999954 -0.006865 -0.081497 0.008699 0.006807 0.999939 2.788829
0.999919 -0.007833 -0.010002 -0.007767 0.007756 0.999940 -0.007706 -0.097021 0.010061 0.007628 0.999920 3.353747
0.999903 -0.008093 -0.011294 -0.014364 0.008012 0.999942 -0.007204 -0.114209 0.011351 0.007113 0.999910 3.931707
0.999886 -0.008238 -0.012679 -0.018683 0.008143 0.999939 -0.007486 -0.132609 0.012740 0.007382 0.999892 4.516615
0.999877 -0.007969 -0.013499 -0.029457 0.007838 0.999922 -0.009751 -0.154496 0.013576 0.009643 0.999861 5.102663
0.999869 -0.006712 -0.014723 -0.048120 0.006521 0.999894 -0.013008 -0.177486 0.014809 0.012910 0.999807 5.697166
0.999858 -0.005103 -0.016063 -0.071521 0.004833 0.999847 -0.016833 -0.192673 0.016146 0.016753 0.999729 6.300837
0.999848 -0.003076 -0.017154 -0.088410 0.002785 0.999852 -0.016983 -0.215520 0.017204 0.016932 0.999709 6.912766
0.999828 -0.000604 -0.018535 -0.116491 0.000399 0.999938 -0.011093 -0.232844 0.018540 0.011084 0.999767 7.567152
0.999812 0.000506 -0.019397 -0.127603 -0.000526 0.999999 -0.001021 -0.248935 0.019396 0.001031 0.999811 8.243828
0.999792 0.001025 -0.020387 -0.150404 -0.000905 0.999982 0.005881 -0.272286 0.020393 -0.005861 0.999775 8.928042
0.999760 0.002355 -0.021784 -0.168566 -0.002220 0.999978 0.006198 -0.295499 0.021798 -0.006149 0.999743 9.606601
0.999736 0.004623 -0.022520 -0.194651 -0.004632 0.999989 -0.000334 -0.304395 0.022518 0.000438 0.999746 10.286129
0.999710 0.004905 -0.023580 -0.216324 -0.005061 0.999966 -0.006556 -0.303124 0.023547 0.006673 0.999700 10.977228
0.999685 0.003824 -0.024807 -0.240542 -0.003977 0.999974 -0.006084 -0.310932 0.024783 0.006181 0.999674 11.711356
0.999670 0.003079 -0.025486 -0.261253 -0.003020 0.999993 0.002352 -0.328648 0.025493 -0.002274 0.999672 12.486296
0.999657 0.002191 -0.026092 -0.282437 -0.001924 0.999946 0.010253 -0.338697 0.026113 -0.010199 0.999607 13.272370
0.999635 0.000914 -0.026995 -0.297449 -0.000555 0.999911 0.013331 -0.347344 0.027005 -0.013311 0.999547 14.067579
0.999626 -0.001361 -0.027305 -0.315948 0.001715 0.999915 0.012926 -0.351776 0.027286 -0.012968 0.999544 14.872156
0.999635 -0.002120 -0.026923 -0.335705 0.002413 0.999938 0.010851 -0.358977 0.026898 -0.010912 0.999579 15.675205
0.999652 -0.000355 -0.026362 -0.365913 0.000553 0.999972 0.007526 -0.354938 0.026359 -0.007538 0.999624 16.494764
0.999676 -0.002233 -0.025361 -0.387711 0.002287 0.999995 0.002094 -0.359506 0.025357 -0.002151 0.999676 17.329418
0.999686 -0.004757 -0.024620 -0.399908 0.004663 0.999982 -0.003890 -0.374861 0.024638 0.003774 0.999689 18.177567
0.999708 -0.004967 -0.023633 -0.429137 0.004760 0.999950 -0.008820 -0.394756 0.023676 0.008705 0.999682 19.065516
0.999726 -0.002061 -0.023304 -0.464803 0.001819 0.999945 -0.010378 -0.412017 0.023324 0.010333 0.999675 19.962772
0.999719 -0.001895 -0.023625 -0.494002 0.001663 0.999950 -0.009849 -0.438542 0.023643 0.009807 0.999672 20.888018
0.999721 -0.001724 -0.023538 -0.530461 0.001476 0.999943 -0.010553 -0.461355 0.023554 0.010515 0.999667 21.803886
0.999726 0.000748 -0.023402 -0.562513 -0.001039 0.999922 -0.012430 -0.486722 0.023391 0.012451 0.999649 22.742292
0.999713 0.004932 -0.023448 -0.605100 -0.005245 0.999897 -0.013337 -0.516671 0.023379 0.013457 0.999636 23.696274
0.999699 0.006882 -0.023538 -0.641849 -0.007197 0.999885 -0.013329 -0.546135 0.023444 0.013494 0.999634 24.661758
0.999689 0.007870 -0.023645 -0.673591 -0.008187 0.999877 -0.013378 -0.574675 0.023536 0.013567 0.999631 25.632244
0.999680 0.008369 -0.023860 -0.701346 -0.008686 0.999875 -0.013230 -0.607643 0.023746 0.013433 0.999628 26.613333
0.999665 0.009000 -0.024258 -0.737642 -0.009298 0.999882 -0.012204 -0.638682 0.024145 0.012426 0.999631 27.609957
0.999654 0.009931 -0.024373 -0.766963 -0.010182 0.999896 -0.010173 -0.669348 0.024269 0.010417 0.999651 28.610638
0.999647 0.009816 -0.024704 -0.793529 -0.010039 0.999910 -0.008895 -0.693437 0.024614 0.009139 0.999655 29.617348
0.999652 0.009435 -0.024626 -0.821205 -0.009671 0.999908 -0.009483 -0.728869 0.024534 0.009718 0.999652 30.625591
0.999628 0.010819 -0.025023 -0.858692 -0.011077 0.999887 -0.010178 -0.757805 0.024910 0.010451 0.999635 31.652880
0.999611 0.011671 -0.025340 -0.889771 -0.011918 0.999883 -0.009615 -0.787829 0.025225 0.009913 0.999633 32.697769
0.999596 0.011515 -0.025984 -0.919573 -0.011701 0.999907 -0.007044 -0.818955 0.025901 0.007345 0.999638 33.738949
0.999583 0.011474 -0.026488 -0.952864 -0.011575 0.999926 -0.003638 -0.845919 0.026445 0.003943 0.999642 34.804314
0.999574 0.010609 -0.027176 -0.977475 -0.010645 0.999943 -0.001202 -0.873031 0.027161 0.001490 0.999630 35.855328
0.999563 0.010073 -0.027799 -1.014011 -0.010087 0.999949 -0.000381 -0.898307 0.027794 0.000661 0.999613 36.927265
0.999563 0.008978 -0.028152 -1.050937 -0.009021 0.999958 -0.001399 -0.921783 0.028138 0.001652 0.999603 37.993610
0.999531 0.010452 -0.028787 -1.091779 -0.010508 0.999943 -0.001813 -0.945720 0.028766 0.002114 0.999584 39.068184
0.999506 0.010837 -0.029491 -1.127617 -0.010865 0.999941 -0.000785 -0.967432 0.029480 0.001105 0.999565 40.139835
0.999477 0.011260 -0.030301 -1.167635 -0.011228 0.999936 0.001255 -0.994082 0.030313 -0.000914 0.999540 41.215237
0.999464 0.010512 -0.031001 -1.205009 -0.010407 0.999940 0.003560 -1.016019 0.031036 -0.003235 0.999513 42.307945
0.999445 0.010260 -0.031704 -1.247228 -0.010137 0.999940 0.004038 -1.039686 0.031743 -0.003714 0.999489 43.386520
0.999425 0.010702 -0.032186 -1.291796 -0.010668 0.999942 0.001217 -1.064052 0.032198 -0.000873 0.999481 44.446163
0.999410 0.012239 -0.032094 -1.331568 -0.012330 0.999920 -0.002639 -1.089803 0.032059 0.003033 0.999481 45.516983
0.999366 0.015672 -0.031960 -1.387987 -0.015787 0.999870 -0.003372 -1.112523 0.031903 0.003874 0.999483 46.594849
0.999380 0.015205 -0.031771 -1.422966 -0.015249 0.999883 -0.001123 -1.136326 0.031750 0.001607 0.999495 47.674976
0.999359 0.016574 -0.031741 -1.462697 -0.016556 0.999863 0.000821 -1.162667 0.031751 -0.000295 0.999496 48.758942
0.999392 0.014539 -0.031699 -1.498868 -0.014480 0.999893 0.002115 -1.180680 0.031726 -0.001655 0.999495 49.844921
0.999389 0.014952 -0.031586 -1.544299 -0.014902 0.999887 0.001825 -1.207754 0.031609 -0.001353 0.999499 50.924465
0.999430 0.013218 -0.031067 -1.576504 -0.013208 0.999913 0.000516 -1.228716 0.031071 -0.000105 0.999517 52.000164
0.999436 0.013347 -0.030818 -1.613925 -0.013406 0.999909 -0.001709 -1.251122 0.030792 0.002122 0.999524 53.070011
0.999455 0.012356 -0.030612 -1.648496 -0.012485 0.999914 -0.004032 -1.277785 0.030559 0.004412 0.999523 54.138107
0.999483 0.010482 -0.030401 -1.681763 -0.010701 0.999918 -0.007062 -1.307050 0.030325 0.007383 0.999513 55.201557
0.999491 0.010131 -0.030256 -1.722865 -0.010400 0.999908 -0.008738 -1.343269 0.030165 0.009048 0.999504 56.280102
0.999497 0.010429 -0.029967 -1.759480 -0.010637 0.999920 -0.006791 -1.377918 0.029893 0.007107 0.999528 57.355068
0.999505 0.010083 -0.029803 -1.793671 -0.010134 0.999947 -0.001573 -1.405563 0.029785 0.001874 0.999555 58.453060
0.999536 0.007366 -0.029546 -1.825536 -0.007240 0.999964 0.004363 -1.427181 0.029577 -0.004147 0.999554 59.553551
0.999545 0.004566 -0.029829 -1.851607 -0.004394 0.999973 0.005825 -1.455511 0.029855 -0.005692 0.999538 60.636898
0.999563 0.001277 -0.029530 -1.879582 -0.001180 0.999994 0.003311 -1.473060 0.029534 -0.003274 0.999558 61.711838
0.999569 -0.000837 -0.029350 -1.914730 0.000840 1.000000 0.000093 -1.495451 0.029350 -0.000118 0.999569 62.784000
0.999563 0.000750 -0.029555 -1.956704 -0.000847 0.999994 -0.003276 -1.526106 0.029553 0.003300 0.999558 63.854584
0.999568 0.001260 -0.029376 -1.991545 -0.001467 0.999974 -0.007041 -1.556884 0.029367 0.007081 0.999544 64.936005
0.999572 0.004642 -0.028898 -2.044789 -0.004881 0.999954 -0.008206 -1.589765 0.028858 0.008343 0.999549 66.018951
0.999572 0.008165 -0.028084 -2.087101 -0.008309 0.999953 -0.005035 -1.613221 0.028042 0.005266 0.999593 67.118904
0.999564 0.009245 -0.028056 -2.128612 -0.009331 0.999952 -0.002970 -1.643701 0.028027 0.003231 0.999602 68.212509
0.999564 0.008916 -0.028144 -2.168307 -0.008977 0.999958 -0.002049 -1.668591 0.028125 0.002301 0.999602 69.291588
0.999570 0.007603 -0.028308 -2.198636 -0.007642 0.999970 -0.001274 -1.696377 0.028298 0.001489 0.999598 70.394676
0.999573 0.006691 -0.028430 -2.233882 -0.006688 0.999978 0.000207 -1.724191 0.028431 -0.000017 0.999596 71.490372
0.999570 0.005214 -0.028847 -2.266252 -0.005151 0.999984 0.002262 -1.748529 0.028858 -0.002113 0.999581 72.579391
0.999553 0.004072 -0.029630 -2.297349 -0.003956 0.999984 0.003974 -1.773057 0.029646 -0.003855 0.999553 73.666283
0.999533 0.002889 -0.030412 -2.328204 -0.002789 0.999991 0.003317 -1.801831 0.030421 -0.003231 0.999532 74.756981
0.999512 0.002721 -0.031125 -2.370725 -0.002722 0.999996 0.000001 -1.827655 0.031125 0.000084 0.999515 75.819885
0.999492 0.004374 -0.031582 -2.418080 -0.004441 0.999988 -0.002046 -1.852256 0.031573 0.002185 0.999499 76.890663
0.999472 0.005865 -0.031961 -2.464297 -0.005892 0.999982 -0.000732 -1.879228 0.031956 0.000920 0.999489 77.966599
0.999442 0.007281 -0.032588 -2.509399 -0.007189 0.999970 0.002918 -1.906226 0.032608 -0.002682 0.999465 79.043800
0.999415 0.008658 -0.033082 -2.548391 -0.008424 0.999939 0.007198 -1.929700 0.033143 -0.006915 0.999427 80.124565
0.999388 0.008182 -0.034016 -2.593197 -0.007908 0.999935 0.008180 -1.948026 0.034081 -0.007906 0.999388 81.196518
0.999374 0.007995 -0.034465 -2.637010 -0.007773 0.999948 0.006566 -1.965595 0.034516 -0.006294 0.999384 82.244194
0.999352 0.008005 -0.035099 -2.679063 -0.007814 0.999954 0.005585 -1.984963 0.035142 -0.005307 0.999368 83.299446
0.999337 0.007680 -0.035597 -2.720164 -0.007484 0.999956 0.005632 -2.001811 0.035639 -0.005362 0.999350 84.338829
0.999324 0.006856 -0.036130 -2.760687 -0.006646 0.999960 0.005940 -2.025808 0.036169 -0.005696 0.999329 85.365814
0.999301 0.006611 -0.036797 -2.798108 -0.006340 0.999952 0.007488 -2.048025 0.036845 -0.007250 0.999295 86.392937
0.999284 0.005654 -0.037407 -2.840870 -0.005284 0.999936 0.010004 -2.068673 0.037462 -0.009800 0.999250 87.389519
0.999246 0.005022 -0.038495 -2.876945 -0.004586 0.999925 0.011395 -2.088790 0.038549 -0.011210 0.999194 88.372292
0.999174 0.003974 -0.040453 -2.916257 -0.003504 0.999925 0.011692 -2.107036 0.040496 -0.011540 0.999113 89.329002
0.999049 0.003085 -0.043491 -2.959355 -0.002613 0.999937 0.010923 -2.126576 0.043522 -0.010799 0.998994 90.255600
0.998905 0.002965 -0.046696 -3.010331 -0.002495 0.999946 0.010128 -2.142972 0.046724 -0.010000 0.998858 91.163551
0.998755 0.003382 -0.049760 -3.059335 -0.002871 0.999943 0.010328 -2.164021 0.049792 -0.010172 0.998708 92.049911
0.998603 0.004338 -0.052664 -3.108796 -0.003743 0.999928 0.011388 -2.180002 0.052709 -0.011175 0.998547 92.915970
0.998442 0.005200 -0.055557 -3.167138 -0.004516 0.999912 0.012437 -2.196936 0.055617 -0.012167 0.998378 93.755714
0.998264 0.005915 -0.058596 -3.217318 -0.005110 0.999891 0.013882 -2.210824 0.058671 -0.013558 0.998185 94.569466
0.998084 0.007511 -0.061409 -3.278171 -0.006612 0.999868 0.014840 -2.225122 0.061513 -0.014406 0.998002 95.358437
0.997905 0.009637 -0.063976 -3.332042 -0.008670 0.999844 0.015366 -2.240276 0.064114 -0.014779 0.997833 96.121643
0.997729 0.010600 -0.066517 -3.385659 -0.009654 0.999848 0.014524 -2.254663 0.066661 -0.013849 0.997680 96.842720
0.997553 0.011400 -0.068982 -3.452333 -0.010656 0.999881 0.011140 -2.266718 0.069100 -0.010378 0.997556 97.531807
0.997367 0.013393 -0.071265 -3.513679 -0.012884 0.999888 0.007592 -2.280862 0.071359 -0.006653 0.997428 98.196495
0.997197 0.015199 -0.073258 -3.570963 -0.014877 0.999877 0.004935 -2.289770 0.073324 -0.003831 0.997301 98.826805
0.997077 0.017487 -0.074375 -3.627975 -0.017236 0.999843 0.004020 -2.303814 0.074434 -0.002726 0.997222 99.426262
0.997087 0.020254 -0.073530 -3.684949 -0.019986 0.999791 0.004381 -2.322074 0.073604 -0.002899 0.997283 100.015907
0.997203 0.023694 -0.070882 -3.739472 -0.023344 0.999711 0.005762 -2.337918 0.070998 -0.004091 0.997468 100.570389
0.997501 0.026118 -0.065642 -3.787933 -0.025689 0.999643 0.007376 -2.349813 0.065811 -0.005671 0.997816 101.100212
0.997914 0.027212 -0.058548 -3.827150 -0.026715 0.999600 0.009267 -2.360173 0.058777 -0.007684 0.998242 101.620140
0.998447 0.026839 -0.048809 -3.854585 -0.026294 0.999585 0.011771 -2.369652 0.049105 -0.010470 0.998739 102.108078
0.998969 0.025767 -0.037368 -3.876518 -0.025287 0.999592 0.013280 -2.380803 0.037695 -0.012321 0.999213 102.570839
0.999410 0.024666 -0.023917 -3.884757 -0.024341 0.999609 0.013789 -2.389433 0.024248 -0.013199 0.999619 103.016182
0.999680 0.023706 -0.008844 -3.891796 -0.023587 0.999632 0.013380 -2.397401 0.009158 -0.013167 0.999871 103.436081
0.999723 0.021835 0.008832 -3.883437 -0.021933 0.999698 0.011108 -2.407894 -0.008587 -0.011299 0.999899 103.843407
0.999327 0.021253 0.029894 -3.868026 -0.021473 0.999745 0.007057 -2.414960 -0.029736 -0.007694 0.999528 104.232231
0.998336 0.019603 0.054233 -3.844282 -0.019772 0.999801 0.002575 -2.418364 -0.054172 -0.003643 0.998525 104.621094
0.996543 0.017552 0.081199 -3.805933 -0.017634 0.999844 0.000284 -2.427131 -0.081181 -0.001715 0.996698 105.001495
0.993736 0.014977 0.110749 -3.751505 -0.015013 0.999887 -0.000515 -2.433295 -0.110744 -0.001150 0.993848 105.381950
0.989664 0.012260 0.142879 -3.690341 -0.012142 0.999925 -0.001701 -2.441297 -0.142889 -0.000051 0.989739 105.749199
0.983938 0.009863 0.178239 -3.617031 -0.009539 0.999951 -0.002675 -2.452441 -0.178256 0.000932 0.983984 106.100746
0.976352 0.006239 0.216098 -3.518703 -0.005809 0.999980 -0.002623 -2.463814 -0.216110 0.001306 0.976368 106.458626
0.966706 0.003532 0.255864 -3.408168 -0.002954 0.999992 -0.002645 -2.477879 -0.255871 0.001801 0.966709 106.803268
0.954926 0.003641 0.296821 -3.301146 -0.002922 0.999992 -0.002867 -2.497418 -0.296829 0.001870 0.954929 107.144188
0.940144 0.005469 0.340734 -3.188296 -0.004860 0.999985 -0.002642 -2.505190 -0.340744 0.000828 0.940156 107.466660
0.922902 0.004710 0.385006 -3.055173 -0.004721 0.999988 -0.000915 -2.514412 -0.385006 -0.000973 0.922914 107.793793
0.903366 0.003879 0.428854 -2.904569 -0.004539 0.999990 0.000515 -2.515746 -0.428847 -0.002412 0.903374 108.101707
0.880912 0.002191 0.473274 -2.724092 -0.002795 0.999996 0.000573 -2.521804 -0.473271 -0.001827 0.880915 108.395485
0.856370 0.001902 0.516358 -2.547850 -0.001801 0.999998 -0.000697 -2.534517 -0.516359 -0.000333 0.856372 108.683044
0.829528 0.002201 0.558461 -2.356564 -0.000869 0.999996 -0.002650 -2.541925 -0.558465 0.001713 0.829526 108.959198
0.799886 0.005670 0.600125 -2.160818 -0.002508 0.999978 -0.006104 -2.554578 -0.600147 0.003378 0.799883 109.213303
0.767038 0.010753 0.641512 -1.960410 -0.006318 0.999938 -0.009207 -2.570492 -0.641571 0.003009 0.767058 109.470581
0.730837 0.014894 0.682389 -1.739403 -0.009547 0.999887 -0.011598 -2.563330 -0.682485 0.001962 0.730897 109.724251
0.692492 0.014654 0.721276 -1.477604 -0.008627 0.999890 -0.012031 -2.562023 -0.721374 0.002109 0.692543 109.967003
0.652417 0.011910 0.757766 -1.193154 -0.006192 0.999927 -0.010385 -2.582150 -0.757835 0.002084 0.652443 110.193069
0.609579 0.008749 0.792677 -0.903025 -0.005121 0.999962 -0.007099 -2.590018 -0.792709 0.000268 0.609600 110.408318
0.564301 0.006060 0.825547 -0.594382 -0.005209 0.999979 -0.003780 -2.608067 -0.825553 -0.002167 0.564321 110.618263
0.517390 0.003515 0.855743 -0.268828 -0.004820 0.999988 -0.001194 -2.602330 -0.855736 -0.003507 0.517400 110.807739
0.467992 -0.002102 0.883730 0.079020 -0.003367 0.999986 0.004162 -2.632570 -0.883726 -0.004924 0.467978 110.971558
0.417423 -0.003270 0.908706 0.433295 -0.005811 0.999963 0.006267 -2.642693 -0.908694 -0.007896 0.417389 111.141716
0.367134 -0.000674 0.930168 0.793172 -0.009107 0.999949 0.004319 -2.653427 -0.930124 -0.010057 0.367109 111.300316
0.317268 0.004148 0.948327 1.170958 -0.011340 0.999936 -0.000580 -2.645486 -0.948268 -0.010570 0.317295 111.429199
0.270008 0.006134 0.962838 1.579682 -0.011134 0.999933 -0.003248 -2.640650 -0.962794 -0.009844 0.270058 111.557205
0.227846 0.005523 0.973681 2.006980 -0.005432 0.999976 -0.004401 -2.637374 -0.973682 -0.004287 0.227871 111.661903
0.191604 0.004694 0.981461 2.444468 0.001684 0.999986 -0.005111 -2.648445 -0.981471 0.002632 0.191593 111.738235
0.160112 0.004863 0.987087 2.901114 0.005381 0.999969 -0.005799 -2.672739 -0.987084 0.006240 0.160081 111.819939
0.131920 0.003100 0.991256 3.369733 0.002383 0.999991 -0.003444 -2.696417 -0.991258 0.002816 0.131911 111.910042
0.106152 -0.000537 0.994350 3.855602 -0.004074 0.999991 0.000975 -2.705290 -0.994342 -0.004154 0.106149 111.992599
0.082373 -0.004352 0.996592 4.366086 -0.009248 0.999944 0.005131 -2.700434 -0.996559 -0.009639 0.082328 112.066040
0.059414 -0.007298 0.998207 4.886046 -0.006058 0.999952 0.007671 -2.698634 -0.998215 -0.006503 0.059367 112.094925
0.038718 -0.007286 0.999224 5.426011 0.001705 0.999972 0.007225 -2.704859 -0.999249 0.001424 0.038730 112.093895
0.020856 -0.005646 0.999767 5.975958 0.007780 0.999955 0.005484 -2.724144 -0.999752 0.007664 0.020899 112.092903
0.006686 -0.000838 0.999977 6.544822 0.009221 0.999957 0.000776 -2.735063 -0.999935 0.009216 0.006694 112.094742
-0.004658 0.003626 0.999983 7.138106 0.006267 0.999974 -0.003597 -2.734753 -0.999969 0.006250 -0.004681 112.105705
-0.011455 0.004054 0.999926 7.771640 0.007045 0.999967 -0.003973 -2.722145 -0.999910 0.006999 -0.011483 112.111351
-0.014714 0.000947 0.999891 8.432615 0.011750 0.999931 -0.000774 -2.736378 -0.999823 0.011738 -0.014724 112.089806
-0.014757 -0.001138 0.999890 9.105934 0.014642 0.999892 0.001354 -2.746291 -0.999784 0.014661 -0.014738 112.076508
-0.012711 -0.001489 0.999918 9.790901 0.013789 0.999904 0.001664 -2.776652 -0.999824 0.013809 -0.012689 112.078445
-0.011223 -0.001236 0.999936 10.463223 0.010923 0.999939 0.001358 -2.777976 -0.999877 0.010938 -0.011209 112.086975
-0.010326 -0.000053 0.999947 11.172571 0.010514 0.999945 0.000161 -2.783989 -0.999891 0.010515 -0.010325 112.087166
-0.009545 0.000604 0.999954 11.893663 0.009300 0.999957 -0.000515 -2.794981 -0.999911 0.009295 -0.009550 112.096954
-0.008900 0.000281 0.999960 12.638612 0.008747 0.999962 -0.000204 -2.808572 -0.999922 0.008745 -0.008902 112.101601
-0.008253 -0.000941 0.999965 13.396221 0.006731 0.999977 0.000996 -2.817525 -0.999943 0.006739 -0.008247 112.101730
-0.007873 -0.002354 0.999966 14.169465 0.007199 0.999971 0.002411 -2.830343 -0.999943 0.007218 -0.007856 112.103493
-0.008001 -0.004557 0.999958 14.935761 0.008040 0.999957 0.004622 -2.845502 -0.999936 0.008077 -0.007964 112.096275
-0.009065 -0.006135 0.999940 15.736835 0.006907 0.999957 0.006198 -2.856081 -0.999935 0.006963 -0.009022 112.095825
-0.010284 -0.007162 0.999921 16.533878 0.004196 0.999965 0.007205 -2.858756 -0.999938 0.004270 -0.010254 112.107994
-0.011237 -0.009587 0.999891 17.350597 0.005602 0.999938 0.009650 -2.866458 -0.999921 0.005710 -0.011183 112.095619
-0.012228 -0.011735 0.999856 18.171551 0.007588 0.999901 0.011828 -2.882448 -0.999896 0.007732 -0.012138 112.081429
-0.013932 -0.012272 0.999828 18.995491 0.006792 0.999900 0.012368 -2.889852 -0.999880 0.006964 -0.013847 112.081940
-0.014966 -0.008591 0.999851 19.803926 0.004380 0.999953 0.008657 -2.898289 -0.999878 0.004509 -0.014928 112.090698
-0.015769 -0.003867 0.999868 20.620781 0.004818 0.999981 0.003944 -2.901582 -0.999864 0.004879 -0.015750 112.079750
-0.016856 -0.002470 0.999855 21.458408 0.004786 0.999985 0.002551 -2.918906 -0.999846 0.004829 -0.016844 112.075470
-0.018288 -0.004407 0.999823 22.315004 0.001700 0.999989 0.004439 -2.929769 -0.999831 0.001780 -0.018280 112.078568
-0.019190 -0.008277 0.999782 23.181904 -0.001248 0.999965 0.008254 -2.944015 -0.999815 -0.001090 -0.019200 112.080429
-0.019277 -0.012960 0.999730 24.047869 -0.002541 0.999913 0.012913 -2.953513 -0.999811 -0.002291 -0.019309 112.073364
-0.019406 -0.018467 0.999641 24.901421 -0.006322 0.999812 0.018348 -2.959694 -0.999792 -0.005964 -0.019520 112.068459
-0.019319 -0.019628 0.999621 25.764538 -0.008125 0.999777 0.019474 -2.962372 -0.999780 -0.007745 -0.019474 112.066505
-0.018620 -0.013517 0.999735 26.593811 -0.005789 0.999893 0.013412 -2.971118 -0.999810 -0.005538 -0.018696 112.054886
-0.017640 -0.003137 0.999839 27.397219 -0.003221 0.999990 0.003081 -2.978858 -0.999839 -0.003166 -0.017650 112.037369
-0.017437 0.001550 0.999847 28.224354 -0.002183 0.999996 -0.001588 -2.993377 -0.999846 -0.002211 -0.017433 112.033958
-0.016429 -0.002152 0.999863 29.068657 -0.001123 0.999997 0.002134 -2.998714 -0.999864 -0.001088 -0.016431 112.025551
-0.015180 -0.009739 0.999837 29.920238 0.001532 0.999951 0.009763 -3.012245 -0.999884 0.001680 -0.015165 112.005402
-0.014621 -0.013339 0.999804 30.757008 0.004081 0.999902 0.013400 -3.029484 -0.999885 0.004276 -0.014565 111.986855
-0.014979 -0.013275 0.999800 31.579782 0.003213 0.999906 0.013324 -3.047967 -0.999883 0.003411 -0.014935 111.982643
-0.015960 -0.012480 0.999795 32.397255 0.000917 0.999922 0.012497 -3.056965 -0.999872 0.001116 -0.015947 111.984352
-0.017788 -0.012461 0.999764 33.208672 -0.001417 0.999922 0.012438 -3.062785 -0.999841 -0.001196 -0.017804 111.979721
-0.019855 -0.012701 0.999722 34.006660 -0.002167 0.999918 0.012661 -3.069846 -0.999801 -0.001915 -0.019881 111.974899
-0.021843 -0.012564 0.999682 34.813129 -0.002908 0.999918 0.012503 -3.085326 -0.999757 -0.002634 -0.021878 111.958839
-0.023630 -0.012206 0.999646 35.611973 -0.004125 0.999918 0.012112 -3.092726 -0.999712 -0.003838 -0.023679 111.950241
-0.025585 -0.013199 0.999586 36.409210 -0.005680 0.999899 0.013058 -3.099068 -0.999656 -0.005344 -0.025658 111.936256
-0.027674 -0.014328 0.999514 37.210152 -0.006053 0.999881 0.014166 -3.108526 -0.999599 -0.005658 -0.027757 111.921829
-0.029481 -0.014099 0.999466 37.993530 -0.005920 0.999885 0.013930 -3.119107 -0.999548 -0.005506 -0.029561 111.906540
-0.031375 -0.013308 0.999419 38.783211 -0.006134 0.999895 0.013122 -3.129428 -0.999489 -0.005719 -0.031453 111.889236
-0.032375 -0.013219 0.999388 39.560596 -0.005875 0.999898 0.013035 -3.131273 -0.999458 -0.005449 -0.032450 111.862640
-0.033534 -0.014420 0.999334 40.336674 -0.004491 0.999888 0.014277 -3.142319 -0.999427 -0.004010 -0.033595 111.835396
-0.034715 -0.015155 0.999282 41.104618 -0.004291 0.999878 0.015015 -3.153737 -0.999388 -0.003766 -0.034776 111.813683
-0.036037 -0.015800 0.999226 41.857548 -0.005378 0.999864 0.015616 -3.163459 -0.999336 -0.004811 -0.036117 111.798027
-0.037192 -0.016848 0.999166 42.608177 -0.006736 0.999839 0.016609 -3.173979 -0.999285 -0.006113 -0.037299 111.779289
-0.037960 -0.017866 0.999120 43.340904 -0.007165 0.999819 0.017607 -3.185778 -0.999254 -0.006490 -0.038081 111.758583
-0.038702 -0.017868 0.999091 44.051865 -0.007272 0.999819 0.017600 -3.188340 -0.999224 -0.006584 -0.038825 111.738121
-0.038761 -0.015802 0.999124 44.754875 -0.006311 0.999859 0.015569 -3.196690 -0.999229 -0.005702 -0.038856 111.710121
-0.039074 -0.013209 0.999149 45.445656 -0.007316 0.999890 0.012933 -3.206499 -0.999210 -0.006804 -0.039166 111.691864
-0.039112 -0.011685 0.999166 46.140751 -0.008764 0.999897 0.011350 -3.218769 -0.999196 -0.008313 -0.039211 111.670692
-0.039173 -0.010908 0.999173 46.838154 -0.008045 0.999911 0.010600 -3.230367 -0.999200 -0.007623 -0.039257 111.649414
-0.039230 -0.011007 0.999170 47.526718 -0.007016 0.999918 0.010740 -3.235032 -0.999206 -0.006589 -0.039304 111.621704
-0.039467 -0.011603 0.999153 48.204842 -0.006623 0.999914 0.011350 -3.251326 -0.999199 -0.006169 -0.039540 111.604042
-0.039684 -0.011320 0.999148 48.892609 -0.009411 0.999896 0.010955 -3.264482 -0.999168 -0.008968 -0.039786 111.587288
-0.039666 -0.011407 0.999148 49.573284 -0.012382 0.999864 0.010924 -3.274280 -0.999136 -0.011939 -0.039802 111.576118
-0.039721 -0.012547 0.999132 50.253712 -0.011232 0.999864 0.012109 -3.276694 -0.999148 -0.010741 -0.039856 111.549431
-0.040594 -0.013343 0.999087 50.934990 -0.011390 0.999852 0.012890 -3.286704 -0.999111 -0.010857 -0.040740 111.530411
-0.044140 -0.014384 0.998922 51.606659 -0.016146 0.999776 0.013683 -3.302106 -0.998895 -0.015525 -0.044362 111.522003
-0.049265 -0.014168 0.998685 52.284187 -0.017336 0.999761 0.013328 -3.305131 -0.998635 -0.016656 -0.049499 111.501450
-0.055270 -0.010841 0.998413 52.941566 -0.013292 0.999860 0.010121 -3.311409 -0.998383 -0.012711 -0.055407 111.453911
-0.061970 -0.008136 0.998045 53.615540 -0.012256 0.999898 0.007390 -3.315693 -0.998003 -0.011774 -0.062064 111.410568
-0.069293 -0.007301 0.997570 54.293217 -0.013744 0.999885 0.006363 -3.329858 -0.997502 -0.013270 -0.069386 111.371719
-0.075479 -0.007972 0.997116 54.967209 -0.016899 0.999835 0.006714 -3.340094 -0.997004 -0.016343 -0.075601 111.346077
-0.080597 -0.008963 0.996706 55.655296 -0.016991 0.999827 0.007617 -3.347720 -0.996602 -0.016321 -0.080735 111.299774
-0.084960 -0.008612 0.996347 56.344669 -0.018533 0.999803 0.007062 -3.358073 -0.996212 -0.017865 -0.085103 111.255753
-0.088919 -0.009321 0.995995 57.034138 -0.021377 0.999744 0.007447 -3.364108 -0.995809 -0.020629 -0.089095 111.204514
-0.091706 -0.012339 0.995710 57.751831 -0.021804 0.999708 0.010381 -3.364469 -0.995547 -0.020759 -0.091948 111.143547
-0.093586 -0.015395 0.995492 58.476727 -0.020113 0.999706 0.013569 -3.375271 -0.995408 -0.018753 -0.093868 111.075592
-0.095219 -0.018203 0.995290 59.201218 -0.019855 0.999669 0.016384 -3.385885 -0.995258 -0.018201 -0.095549 111.014893
-0.096482 -0.018048 0.995171 59.928555 -0.019190 0.999683 0.016269 -3.376260 -0.995150 -0.017528 -0.096797 110.950645
-0.097016 -0.014686 0.995174 60.650414 -0.017259 0.999766 0.013071 -3.382390 -0.995133 -0.015907 -0.097247 110.878304
-0.097109 -0.010411 0.995219 61.365574 -0.011461 0.999891 0.009341 -3.376184 -0.995208 -0.010499 -0.097218 110.789307
-0.097746 -0.006175 0.995192 62.106121 -0.005056 0.999971 0.005708 -3.395079 -0.995199 -0.004474 -0.097774 110.697289
-0.098593 -0.005362 0.995113 62.848057 -0.004053 0.999979 0.004987 -3.407339 -0.995120 -0.003542 -0.098613 110.625999
-0.099006 -0.007745 0.995057 63.615871 -0.007563 0.999947 0.007031 -3.421413 -0.995058 -0.006830 -0.099059 110.568100
-0.098837 -0.012172 0.995029 64.384384 -0.007219 0.999908 0.011514 -3.421747 -0.995077 -0.006045 -0.098916 110.497429
-0.098927 -0.014274 0.994992 65.134308 -0.004948 0.999892 0.013852 -3.433544 -0.995082 -0.003553 -0.098986 110.419434
-0.099941 -0.014428 0.994889 65.868271 -0.004048 0.999892 0.014094 -3.443724 -0.994985 -0.002618 -0.099989 110.350143
-0.101750 -0.013675 0.994716 66.603615 -0.004402 0.999902 0.013296 -3.453061 -0.994800 -0.003026 -0.101801 110.290306
-0.103680 -0.013090 0.994525 67.348900 -0.004907 0.999908 0.012649 -3.460584 -0.994599 -0.003569 -0.103735 110.217308
-0.105863 -0.012898 0.994297 68.094933 -0.004798 0.999911 0.012460 -3.462814 -0.994369 -0.003451 -0.105915 110.141991
-0.107526 -0.012803 0.994120 68.844604 -0.004522 0.999913 0.012389 -3.473816 -0.994192 -0.003163 -0.107575 110.066551
-0.109707 -0.013157 0.993877 69.590897 -0.005731 0.999904 0.012604 -3.474634 -0.993947 -0.004313 -0.109772 109.990784
-0.111025 -0.012684 0.993737 70.344749 -0.007054 0.999903 0.011974 -3.481523 -0.993793 -0.005680 -0.111104 109.917633
-0.111992 -0.011589 0.993642 71.089241 -0.007431 0.999914 0.010824 -3.495357 -0.993681 -0.006171 -0.112068 109.837044
-0.112789 -0.011137 0.993557 71.872238 -0.007789 0.999916 0.010324 -3.499985 -0.993588 -0.006575 -0.112866 109.759735
-0.114248 -0.011042 0.993391 72.639366 -0.008135 0.999915 0.010179 -3.509351 -0.993419 -0.006919 -0.114328 109.679482
-0.115301 -0.012525 0.993252 73.422386 -0.007867 0.999901 0.011696 -3.521282 -0.993299 -0.006465 -0.115388 109.593979
-0.116312 -0.014779 0.993103 74.208839 -0.010622 0.999851 0.013635 -3.526900 -0.993156 -0.008963 -0.116452 109.511116
-0.117911 -0.016455 0.992888 75.001534 -0.012378 0.999809 0.015100 -3.529265 -0.992947 -0.010509 -0.118092 109.436325
-0.119942 -0.017180 0.992632 75.796227 -0.012551 0.999797 0.015788 -3.531130 -0.992702 -0.010565 -0.120134 109.351082
-0.121922 -0.016962 0.992395 76.580330 -0.010746 0.999818 0.015768 -3.536259 -0.992482 -0.008742 -0.122082 109.256607
-0.124001 -0.015569 0.992160 77.384644 -0.010601 0.999841 0.014365 -3.536927 -0.992225 -0.008737 -0.124146 109.164909
-0.125463 -0.011826 0.992028 78.182396 -0.009217 0.999900 0.010754 -3.536854 -0.992055 -0.007795 -0.125560 109.059967
-0.125878 -0.008154 0.992012 78.990303 -0.007500 0.999945 0.007268 -3.539775 -0.992017 -0.006526 -0.125932 108.953896
-0.126749 -0.004798 0.991923 79.790634 -0.006744 0.999969 0.003975 -3.558621 -0.991912 -0.006186 -0.126777 108.851456
-0.126371 -0.003977 0.991975 80.605354 -0.004066 0.999986 0.003491 -3.567597 -0.991975 -0.003592 -0.126385 108.747223
-0.126062 -0.004744 0.992011 81.448471 -0.000949 0.999989 0.004661 -3.586740 -0.992022 -0.000354 -0.126065 108.629456
-0.125927 -0.006443 0.992019 82.285294 -0.000095 0.999979 0.006482 -3.599929 -0.992040 0.000722 -0.125925 108.520271
-0.124779 -0.008069 0.992152 83.134979 -0.000848 0.999967 0.008026 -3.615636 -0.992184 0.000161 -0.124781 108.417603
-0.123112 -0.010515 0.992337 83.984871 -0.001771 0.999945 0.010376 -3.623394 -0.992391 -0.000480 -0.123124 108.315598
-0.121435 -0.013191 0.992512 84.830376 -0.001008 0.999913 0.013166 -3.632184 -0.992599 0.000598 -0.121438 108.212845
-0.119880 -0.016797 0.992646 85.686630 -0.001322 0.999859 0.016759 -3.640974 -0.992787 0.000697 -0.119885 108.116173
-0.118081 -0.016796 0.992862 86.530243 -0.001891 0.999859 0.016689 -3.644691 -0.993002 0.000093 -0.118096 108.018730
-0.116528 -0.012406 0.993110 87.368591 -0.000363 0.999922 0.012448 -3.645707 -0.993187 0.001090 -0.116524 107.920593
-0.115124 -0.006230 0.993332 88.209068 0.000705 0.999980 0.006353 -3.653030 -0.993351 0.001431 -0.115118 107.832939
-0.113509 -0.004066 0.993529 89.069145 -0.002749 0.999989 0.003779 -3.675519 -0.993533 -0.002302 -0.113519 107.740219
-0.112054 -0.006034 0.993684 89.937920 -0.004105 0.999976 0.005609 -3.674988 -0.993694 -0.003450 -0.112076 107.657310
-0.110980 -0.008610 0.993785 90.826630 -0.004227 0.999958 0.008192 -3.698311 -0.993814 -0.003292 -0.111012 107.560669
-0.110591 -0.009806 0.993818 91.690224 -0.003357 0.999949 0.009493 -3.707049 -0.993860 -0.002286 -0.110618 107.468391
-0.109851 -0.010258 0.993895 92.558441 -0.003219 0.999945 0.009965 -3.726544 -0.993943 -0.002104 -0.109878 107.374207
-0.109273 -0.010845 0.993953 93.423820 -0.003300 0.999939 0.010547 -3.740143 -0.994006 -0.002127 -0.109302 107.282318
-0.108520 -0.011701 0.994025 94.297470 -0.000945 0.999932 0.011668 -3.741929 -0.994094 0.000326 -0.108523 107.187233
-0.107546 -0.012477 0.994122 95.170357 0.000976 0.999919 0.012656 -3.756023 -0.994200 0.002331 -0.107525 107.090157
-0.106965 -0.011642 0.994195 96.024246 0.002971 0.999923 0.012029 -3.767403 -0.994258 0.004240 -0.106922 106.998047
-0.106406 -0.009417 0.994278 96.888466 0.004507 0.999940 0.009953 -3.777013 -0.994313 0.005541 -0.106357 106.902946
-0.105645 -0.009153 0.994362 97.743561 -0.000846 0.999958 0.009114 -3.797429 -0.994404 0.000122 -0.105649 106.827026
-0.105069 -0.012053 0.994392 98.619919 -0.003885 0.999924 0.011709 -3.803313 -0.994457 -0.002633 -0.105107 106.762619
-0.105331 -0.014491 0.994332 99.482590 -0.009366 0.999864 0.013579 -3.816484 -0.994393 -0.007883 -0.105453 106.694817
-0.106426 -0.013678 0.994227 100.318909 -0.010931 0.999861 0.012585 -3.823020 -0.994260 -0.009529 -0.106561 106.625015
-0.107514 -0.009860 0.994155 101.144753 -0.014018 0.999866 0.008400 -3.837530 -0.994105 -0.013033 -0.107638 106.555008
-0.108294 -0.007498 0.994091 101.983467 -0.015283 0.999866 0.005877 -3.843416 -0.994001 -0.014556 -0.108394 106.471344
-0.108670 -0.007055 0.994053 102.808151 -0.013809 0.999889 0.005587 -3.859718 -0.993982 -0.013120 -0.108756 106.382858
-0.109147 -0.007730 0.993995 103.641258 -0.013068 0.999894 0.006341 -3.871398 -0.993940 -0.012298 -0.109237 106.300896
-0.109778 -0.006581 0.993934 104.466225 -0.011222 0.999923 0.005382 -3.884446 -0.993893 -0.010563 -0.109843 106.209373
-0.110437 -0.004343 0.993874 105.284836 -0.010519 0.999940 0.003200 -3.903659 -0.993827 -0.010101 -0.110476 106.116707
-0.111033 -0.003064 0.993812 106.096680 -0.011073 0.999937 0.001846 -3.920373 -0.993755 -0.010800 -0.111060 106.038696
-0.112361 -0.003296 0.993662 106.908356 -0.013576 0.999906 0.001781 -3.937947 -0.993575 -0.013290 -0.112395 105.960915
-0.114390 -0.004008 0.993428 107.704643 -0.015335 0.999880 0.002268 -3.952365 -0.993318 -0.014975 -0.114437 105.884811
-0.117416 -0.002897 0.993079 108.500969 -0.014688 0.999891 0.001181 -3.973456 -0.992974 -0.014447 -0.117445 105.794548
-0.120747 -0.000749 0.992683 109.292534 -0.015694 0.999876 -0.001154 -3.990447 -0.992559 -0.015719 -0.120743 105.710381
-0.123718 0.000231 0.992317 110.075928 -0.017152 0.999850 -0.002372 -4.015908 -0.992169 -0.017313 -0.123696 105.626358
-0.127091 0.000070 0.991891 110.851158 -0.016408 0.999863 -0.002172 -4.031677 -0.991755 -0.016551 -0.127073 105.538734
-0.129872 -0.000790 0.991530 111.629440 -0.015640 0.999877 -0.001252 -4.050069 -0.991407 -0.015671 -0.129868 105.435204
-0.132534 -0.000072 0.991178 112.402527 -0.014723 0.999890 -0.001896 -4.068398 -0.991069 -0.014845 -0.132521 105.336838
-0.134505 0.004266 0.990904 113.168350 -0.019075 0.999794 -0.006894 -4.091590 -0.990729 -0.019829 -0.134396 105.246056
-0.136409 0.010565 0.990596 113.924110 -0.020179 0.999706 -0.013441 -4.117723 -0.990447 -0.021823 -0.136156 105.158661
-0.139337 0.013657 0.990151 114.684135 -0.016343 0.999737 -0.016090 -4.130199 -0.990110 -0.018424 -0.139077 105.043335
-0.142416 0.010760 0.989748 115.450607 -0.014804 0.999806 -0.012999 -4.167505 -0.989696 -0.016503 -0.142229 104.937904
-0.145313 0.003610 0.989379 116.229584 -0.016961 0.999837 -0.006139 -4.196916 -0.989240 -0.017672 -0.145228 104.835213
-0.147124 0.002067 0.989116 116.993843 -0.017563 0.999835 -0.004702 -4.214894 -0.988962 -0.018064 -0.147064 104.727211
-0.148855 0.004690 0.988848 117.743004 -0.017870 0.999813 -0.007432 -4.241124 -0.988698 -0.018777 -0.148744 104.620781
-0.151775 0.007119 0.988389 118.488770 -0.020879 0.999728 -0.010406 -4.268736 -0.988195 -0.022216 -0.151585 104.522118
-0.154246 0.010170 0.987980 119.232124 -0.020694 0.999694 -0.013521 -4.281124 -0.987816 -0.022531 -0.153988 104.411484
-0.156267 0.014234 0.987612 119.974686 -0.017108 0.999707 -0.017115 -4.309512 -0.987567 -0.019571 -0.155978 104.280907
-0.158433 0.018334 0.987200 120.702019 -0.017350 0.999622 -0.021349 -4.337651 -0.987217 -0.020510 -0.158055 104.170677
-0.161304 0.019850 0.986705 121.429153 -0.018474 0.999562 -0.023129 -4.372461 -0.986732 -0.021959 -0.160867 104.070175
-0.163938 0.017389 0.986317 122.177032 -0.017822 0.999629 -0.020586 -4.399224 -0.986310 -0.020953 -0.163567 103.952728
-0.167924 0.014274 0.985697 122.907120 -0.014217 0.999756 -0.016900 -4.430362 -0.985697 -0.016852 -0.167680 103.825439
-0.173755 0.012249 0.984713 123.631363 -0.012740 0.999811 -0.014685 -4.467407 -0.984707 -0.015096 -0.173566 103.700775
-0.180315 0.011099 0.983546 124.355553 -0.012777 0.999826 -0.013625 -4.498858 -0.983526 -0.015023 -0.180142 103.576019
-0.189210 0.011110 0.981874 125.085136 -0.013831 0.999807 -0.013978 -4.525177 -0.981839 -0.016225 -0.189020 103.451996
-0.199943 0.011482 0.979740 125.793297 -0.014289 0.999791 -0.014633 -4.552608 -0.979703 -0.016926 -0.199738 103.320404
-0.211957 0.012187 0.977203 126.492958 -0.014316 0.999776 -0.015574 -4.580689 -0.977174 -0.017290 -0.211735 103.179138
-0.224484 0.012469 0.974398 127.197769 -0.014086 0.999772 -0.016039 -4.607016 -0.974376 -0.017326 -0.224257 103.026222
-0.236304 0.012428 0.971600 127.895721 -0.011128 0.999818 -0.015495 -4.631599 -0.971615 -0.014474 -0.236122 102.850487
-0.247160 0.012465 0.968895 128.599915 -0.008251 0.999854 -0.014968 -4.663417 -0.968940 -0.011694 -0.247021 102.675179
-0.257199 0.012430 0.966278 129.299667 -0.005156 0.999885 -0.014234 -4.688135 -0.966345 -0.008643 -0.257106 102.478806
-0.265951 0.012531 0.963905 129.991135 -0.000580 0.999913 -0.013159 -4.711131 -0.963986 -0.004058 -0.265920 102.274948
-0.273753 0.012688 0.961716 130.687271 0.003806 0.999919 -0.012109 -4.739963 -0.961793 0.000345 -0.273779 102.057487
-0.279711 0.011991 0.960009 131.385574 0.004418 0.999928 -0.011202 -4.774053 -0.960074 0.001108 -0.279744 101.852264
-0.284044 0.010344 0.958755 132.074493 0.007423 0.999936 -0.008589 -4.796586 -0.958782 0.004678 -0.284103 101.642365
-0.285714 0.007666 0.958284 132.759811 0.013905 0.999896 -0.003853 -4.812864 -0.958214 0.012224 -0.285791 101.417175
-0.286841 0.005451 0.957963 133.442154 0.018284 0.999833 -0.000214 -4.836161 -0.957804 0.017454 -0.286893 101.198578
-0.287770 0.005489 0.957684 134.121323 0.023335 0.999727 0.001281 -4.852531 -0.957415 0.022717 -0.287820 100.980705
-0.287358 0.010790 0.957762 134.759171 0.026475 0.999644 -0.003318 -4.872579 -0.957457 0.024403 -0.287541 100.774216
-0.286316 0.013191 0.958044 135.420822 0.025155 0.999664 -0.006246 -4.886176 -0.957805 0.022311 -0.286552 100.582367
-0.285301 0.012823 0.958352 136.088120 0.025460 0.999659 -0.005797 -4.909657 -0.958100 0.022746 -0.285530 100.380974
-0.283293 0.011091 0.958969 136.748795 0.027254 0.999622 -0.003510 -4.927391 -0.958646 0.025141 -0.283489 100.184677
-0.281856 0.008900 0.959416 137.403976 0.028407 0.999596 -0.000927 -4.945842 -0.959036 0.026993 -0.281995 99.988106
-0.280062 0.009714 0.959933 138.055511 0.030304 0.999540 -0.001273 -4.960016 -0.959503 0.028734 -0.280228 99.797798
-0.277359 0.012493 0.960685 138.696167 0.032751 0.999457 -0.003542 -4.981721 -0.960208 0.030481 -0.277618 99.594154
-0.273072 0.013180 0.961903 139.339737 0.033988 0.999414 -0.004045 -4.999260 -0.961393 0.031588 -0.273360 99.410439
-0.267985 0.012404 0.963343 139.981232 0.033345 0.999437 -0.003593 -5.021544 -0.962846 0.031160 -0.268248 99.228676
-0.262563 0.010608 0.964857 140.619202 0.034948 0.999388 -0.001478 -5.037140 -0.964282 0.033332 -0.262773 99.059113
-0.257831 0.009123 0.966147 141.232071 0.035187 0.999381 -0.000047 -5.060315 -0.965549 0.033984 -0.257993 98.894272
-0.253839 0.008016 0.967213 141.858887 0.034896 0.999391 0.000876 -5.080638 -0.966617 0.033974 -0.253964 98.728600
-0.250015 0.006721 0.968219 142.486328 0.035002 0.999385 0.002100 -5.095753 -0.967609 0.034415 -0.250096 98.569481
-0.246129 0.005461 0.969222 143.099091 0.038433 0.999253 0.004130 -5.101977 -0.968475 0.038267 -0.246155 98.402267
-0.242623 0.003372 0.970115 143.720810 0.039081 0.999216 0.006300 -5.115556 -0.969333 0.039442 -0.242565 98.241417
-0.239238 0.002185 0.970958 144.330002 0.037680 0.999265 0.007036 -5.136260 -0.970230 0.038269 -0.239145 98.100998
-0.235591 0.003359 0.971847 144.918716 0.037529 0.999280 0.005644 -5.148148 -0.971128 0.037802 -0.235547 97.962486
-0.230989 0.006430 0.972935 145.501541 0.038078 0.999272 0.002436 -5.153832 -0.972211 0.037610 -0.231065 97.824493
-0.225469 0.009805 0.974201 146.072083 0.039854 0.999205 -0.000833 -5.174410 -0.973435 0.038638 -0.225680 97.682213
-0.218965 0.010501 0.975676 146.661087 0.038534 0.999255 -0.002107 -5.189460 -0.974972 0.037136 -0.219206 97.557442
-0.210538 0.009161 0.977543 147.254959 0.035077 0.999383 -0.001811 -5.207424 -0.976956 0.033908 -0.210729 97.440475
-0.200475 0.007726 0.979668 147.835068 0.034405 0.999408 -0.000842 -5.218482 -0.979094 0.033537 -0.200622 97.332123
