1.000000 0.000000 0.000000 0.000000 0.000000 1.000000 0.000000 0.000000 0.000000 0.000000 1.000000 0.000000
1.000000 0.000098 0.000066 -0.001097 -0.000098 1.000000 -0.000015 0.001857 -0.000066 0.000015 1.000000 0.001072
1.000000 0.000230 0.000444 0.007853 -0.000230 1.000000 0.000045 0.001080 -0.000444 -0.000045 1.000000 0.001053
1.000000 0.000286 0.000771 0.013374 -0.000286 1.000000 0.000103 0.002658 -0.000771 -0.000103 1.000000 0.006676
0.999999 0.000277 0.001135 0.018777 -0.000277 1.000000 0.000127 0.002239 -0.001135 -0.000128 0.999999 0.013831
0.999999 0.000326 0.001481 0.022149 -0.000326 1.000000 0.000161 0.002894 -0.001481 -0.000162 0.999999 0.019906
0.999999 0.000152 0.001507 0.023180 -0.000152 1.000000 0.000163 0.005275 -0.001507 -0.000164 0.999999 0.023207
0.999999 0.000135 0.001630 0.023859 -0.000135 1.000000 0.000138 0.005201 -0.001630 -0.000139 0.999999 0.030629
0.999998 0.000128 0.002069 0.028329 -0.000128 1.000000 0.000012 0.006173 -0.002069 -0.000013 0.999998 0.035027
0.999997 0.000028 0.002397 0.028124 -0.000028 1.000000 -0.000057 0.006806 -0.002397 0.000057 0.999997 0.041854
0.999996 -0.000002 0.002702 0.027197 0.000002 1.000000 -0.000103 0.007367 -0.002702 0.000103 0.999996 0.051778
0.999996 -0.000097 0.002838 0.028192 0.000098 1.000000 -0.000124 0.007768 -0.002838 0.000125 0.999996 0.055369
0.999994 -0.000147 0.003373 0.027182 0.000148 1.000000 -0.000127 0.008992 -0.003373 0.000128 0.999994 0.060452
0.999993 -0.000147 0.003642 0.027226 0.000147 1.000000 -0.000179 0.009188 -0.003642 0.000179 0.999993 0.064969
0.999993 -0.000251 0.003846 0.023442 0.000252 1.000000 -0.000284 0.010773 -0.003846 0.000285 0.999993 0.069730
0.999992 -0.000288 0.003887 0.024736 0.000290 1.000000 -0.000336 0.011044 -0.003887 0.000337 0.999992 0.067861
0.999991 -0.000366 0.004159 0.023607 0.000368 1.000000 -0.000346 0.012571 -0.004159 0.000348 0.999991 0.073728
0.999991 -0.000377 0.004270 0.024675 0.000379 1.000000 -0.000413 0.012945 -0.004269 0.000414 0.999991 0.066351
0.999990 -0.000324 0.004502 0.022881 0.000325 1.000000 -0.000375 0.013600 -0.004502 0.000377 0.999990 0.063055
0.999989 -0.000420 0.004618 0.024450 0.000422 1.000000 -0.000407 0.013612 -0.004618 0.000409 0.999989 0.053991
0.999988 -0.000342 0.004837 0.020680 0.000344 1.000000 -0.000357 0.013423 -0.004836 0.000359 0.999988 0.044973
0.999987 -0.000252 0.005003 0.017852 0.000255 1.000000 -0.000433 0.015045 -0.005002 0.000435 0.999987 0.029089
0.999986 -0.000322 0.005292 0.015118 0.000324 1.000000 -0.000525 0.016104 -0.005292 0.000527 0.999986 0.013570
0.999985 -0.000246 0.005500 0.009343 0.000249 1.000000 -0.000510 0.017384 -0.005500 0.000512 0.999985 -0.003397
0.999983 -0.000344 0.005754 0.003879 0.000347 1.000000 -0.000580 0.017706 -0.005754 0.000582 0.999983 -0.028165
0.999981 -0.000225 0.006184 -0.003417 0.000229 1.000000 -0.000603 0.017622 -0.006184 0.000605 0.999981 -0.050273
0.999977 -0.000335 0.006738 -0.003085 0.000339 1.000000 -0.000580 0.017925 -0.006738 0.000582 0.999977 -0.083597
0.999975 -0.000242 0.007126 -0.011273 0.000245 1.000000 -0.000480 0.017653 -0.007126 0.000482 0.999974 -0.103926
0.999973 -0.000281 0.007306 -0.014426 0.000285 1.000000 -0.000482 0.017818 -0.007306 0.000485 0.999973 -0.126085
0.999971 -0.000328 0.007628 -0.021214 0.000332 1.000000 -0.000507 0.018828 -0.007628 0.000510 0.999971 -0.147514
0.999970 -0.000219 0.007734 -0.021206 0.000223 1.000000 -0.000527 0.018475 -0.007734 0.000529 0.999970 -0.165291
0.999969 -0.000250 0.007911 -0.024149 0.000256 1.000000 -0.000698 0.018118 -0.007911 0.000700 0.999968 -0.188898
0.999965 -0.000237 0.008415 -0.026634 0.000243 1.000000 -0.000741 0.018719 -0.008415 0.000743 0.999964 -0.222346
0.999963 -0.000377 0.008643 -0.026916 0.000384 1.000000 -0.000830 0.021767 -0.008643 0.000833 0.999962 -0.251114
0.999957 -0.000549 0.009302 -0.023811 0.000557 0.999999 -0.000921 0.022194 -0.009301 0.000927 0.999956 -0.281719
0.999952 -0.000510 0.009802 -0.024256 0.000519 0.999999 -0.000928 0.023662 -0.009801 0.000933 0.999952 -0.311203
0.999950 -0.000529 0.010024 -0.024126 0.000538 0.999999 -0.000916 0.023223 -0.010023 0.000921 0.999949 -0.336654
0.999946 -0.000467 0.010343 -0.026475 0.000477 0.999999 -0.000902 0.023158 -0.010342 0.000906 0.999946 -0.364407
0.999942 -0.000440 0.010730 -0.028450 0.000450 1.000000 -0.000892 0.023681 -0.010730 0.000897 0.999942 -0.388425
0.999936 -0.000584 0.011288 -0.027727 0.000594 0.999999 -0.000925 0.024149 -0.011287 0.000931 0.999936 -0.423203
0.999934 -0.000545 0.011466 -0.028781 0.000555 0.999999 -0.000906 0.025035 -0.011465 0.000913 0.999934 -0.453324
0.999934 -0.000655 0.011471 -0.028427 0.000667 0.999999 -0.001018 0.026673 -0.011471 0.001025 0.999934 -0.477445
0.999929 -0.000713 0.011927 -0.029411 0.000725 0.999999 -0.000971 0.027295 -0.011926 0.000979 0.999928 -0.501710
0.999921 -0.000600 0.012581 -0.035995 0.000611 0.999999 -0.000921 0.027300 -0.012580 0.000929 0.999920 -0.528822
0.999910 -0.000625 0.013373 -0.041663 0.000636 0.999999 -0.000833 0.027270 -0.013373 0.000842 0.999910 -0.556567
0.999904 -0.000546 0.013824 -0.045619 0.000558 0.999999 -0.000849 0.027404 -0.013824 0.000856 0.999904 -0.592382
0.999899 -0.000568 0.014217 -0.050898 0.000580 1.000000 -0.000816 0.027270 -0.014217 0.000824 0.999899 -0.625682
0.999892 -0.000645 0.014708 -0.060141 0.000660 0.999999 -0.000981 0.029491 -0.014708 0.000990 0.999891 -0.649609
0.999882 -0.000624 0.015370 -0.060453 0.000641 0.999999 -0.001063 0.031129 -0.015369 0.001073 0.999881 -0.679654
0.999876 -0.000628 0.015743 -0.063290 0.000646 0.999999 -0.001159 0.031372 -0.015743 0.001169 0.999875 -0.704723
0.999871 -0.000693 0.016026 -0.063253 0.000712 0.999999 -0.001200 0.032532 -0.016025 0.001211 0.999871 -0.740165
0.999864 -0.000656 0.016494 -0.061284 0.000675 0.999999 -0.001182 0.033130 -0.016493 0.001192 0.999863 -0.768712
0.999854 -0.000608 0.017053 -0.057470 0.000628 0.999999 -0.001181 0.031517 -0.017052 0.001192 0.999854 -0.799219
0.999848 -0.000533 0.017440 -0.060084 0.000553 0.999999 -0.001153 0.032062 -0.017439 0.001163 0.999847 -0.829166
0.999842 -0.000604 0.017770 -0.057536 0.000624 0.999999 -0.001145 0.032272 -0.017770 0.001156 0.999841 -0.847184
0.999835 -0.000677 0.018165 -0.056034 0.000699 0.999999 -0.001223 0.033682 -0.018164 0.001235 0.999834 -0.873029
0.999826 -0.000686 0.018624 -0.051560 0.000710 0.999999 -0.001303 0.036047 -0.018624 0.001316 0.999826 -0.909267
0.999811 -0.000884 0.019422 -0.048370 0.000909 0.999999 -0.001285 0.038451 -0.019421 0.001302 0.999811 -0.950520
0.999803 -0.000790 0.019844 -0.045329 0.000815 0.999999 -0.001272 0.039494 -0.019843 0.001288 0.999802 -0.970321
0.999785 -0.000757 0.020733 -0.042254 0.000785 0.999999 -0.001334 0.039153 -0.020732 0.001350 0.999784 -1.003672
0.999779 -0.000924 0.020986 -0.038920 0.000954 0.999999 -0.001399 0.040961 -0.020985 0.001418 0.999779 -1.037979
0.999765 -0.000966 0.021676 -0.032940 0.000996 0.999999 -0.001365 0.040028 -0.021675 0.001387 0.999764 -1.067166
0.999759 -0.000947 0.021943 -0.034028 0.000979 0.999999 -0.001431 0.041348 -0.021942 0.001452 0.999758 -1.089473
0.999746 -0.001130 0.022518 -0.035423 0.001163 0.999998 -0.001452 0.043903 -0.022516 0.001478 0.999745 -1.120640
0.999730 -0.001384 0.023214 -0.039257 0.001421 0.999998 -0.001539 0.047674 -0.023212 0.001572 0.999729 -1.151025
0.999717 -0.001613 0.023727 -0.043930 0.001652 0.999997 -0.001630 0.050904 -0.023725 0.001669 0.999717 -1.181444
0.999691 -0.001733 0.024804 -0.044353 0.001772 0.999997 -0.001567 0.053758 -0.024801 0.001611 0.999691 -1.222887
0.999665 -0.001845 0.025813 -0.044874 0.001886 0.999997 -0.001543 0.055407 -0.025810 0.001591 0.999666 -1.267044
0.999650 -0.001857 0.026375 -0.045478 0.001898 0.999997 -0.001520 0.056215 -0.026372 0.001570 0.999651 -1.295269
0.999634 -0.002020 0.026976 -0.044679 0.002060 0.999997 -0.001476 0.059231 -0.026973 0.001531 0.999635 -1.326743
0.999620 -0.002037 0.027504 -0.045486 0.002087 0.999996 -0.001778 0.060080 -0.027500 0.001835 0.999620 -1.353067
0.999600 -0.002085 0.028201 -0.044620 0.002136 0.999996 -0.001793 0.062498 -0.028197 0.001853 0.999601 -1.379041
0.999582 -0.002068 0.028853 -0.041161 0.002126 0.999996 -0.001954 0.062145 -0.028849 0.002014 0.999582 -1.411305
0.999568 -0.002064 0.029308 -0.041632 0.002124 0.999996 -0.002038 0.064366 -0.029304 0.002099 0.999568 -1.440437
0.999550 -0.002213 0.029926 -0.042756 0.002277 0.999995 -0.002109 0.064895 -0.029921 0.002176 0.999550 -1.470995
0.999528 -0.002254 0.030642 -0.046862 0.002320 0.999995 -0.002130 0.065041 -0.030637 0.002200 0.999528 -1.497721
0.999507 -0.002326 0.031303 -0.056051 0.002393 0.999995 -0.002099 0.066810 -0.031298 0.002173 0.999508 -1.528396
0.999488 -0.002385 0.031921 -0.059594 0.002456 0.999995 -0.002195 0.066757 -0.031915 0.002272 0.999488 -1.547810
0.999479 -0.002422 0.032188 -0.065867 0.002491 0.999995 -0.002102 0.068343 -0.032182 0.002181 0.999480 -1.559622
0.999472 -0.002310 0.032416 -0.065481 0.002381 0.999995 -0.002170 0.066315 -0.032410 0.002246 0.999472 -1.576642
0.999462 -0.002244 0.032731 -0.070726 0.002319 0.999995 -0.002242 0.066935 -0.032726 0.002316 0.999462 -1.596559
0.999457 -0.002336 0.032876 -0.077571 0.002410 0.999995 -0.002200 0.069819 -0.032871 0.002278 0.999457 -1.617191
0.999444 -0.002413 0.033248 -0.080944 0.002486 0.999995 -0.002135 0.071108 -0.033243 0.002217 0.999445 -1.644107
0.999439 -0.002522 0.033390 -0.089616 0.002593 0.999994 -0.002094 0.074465 -0.033384 0.002180 0.999440 -1.668362
0.999427 -0.002627 0.033742 -0.091120 0.002698 0.999994 -0.002067 0.074319 -0.033736 0.002157 0.999428 -1.690412
0.999411 -0.002689 0.034208 -0.094057 0.002758 0.999994 -0.001976 0.076510 -0.034202 0.002069 0.999413 -1.729239
0.999399 -0.002775 0.034551 -0.096508 0.002839 0.999994 -0.001804 0.077844 -0.034546 0.001901 0.999401 -1.758910
0.999398 -0.002885 0.034585 -0.100893 0.002947 0.999994 -0.001750 0.078947 -0.034580 0.001851 0.999400 -1.777698
0.999399 -0.002850 0.034544 -0.107328 0.002908 0.999994 -0.001625 0.079644 -0.034539 0.001725 0.999402 -1.797534
0.999375 -0.002842 0.035238 -0.114284 0.002895 0.999995 -0.001436 0.080450 -0.035234 0.001537 0.999378 -1.825510
0.999363 -0.003089 0.035542 -0.115583 0.003142 0.999994 -0.001443 0.083035 -0.035537 0.001553 0.999367 -1.851764
0.999349 -0.003255 0.035928 -0.125830 0.003310 0.999993 -0.001464 0.085436 -0.035923 0.001581 0.999353 -1.872210
0.999354 -0.003396 0.035770 -0.129262 0.003446 0.999993 -0.001313 0.085787 -0.035766 0.001435 0.999359 -1.892034
0.999346 -0.003295 0.036006 -0.129524 0.003343 0.999994 -0.001266 0.085365 -0.036002 0.001385 0.999351 -1.910956
0.999332 -0.003279 0.036401 -0.133137 0.003326 0.999994 -0.001235 0.084143 -0.036397 0.001355 0.999336 -1.928948
0.999334 -0.003244 0.036351 -0.136154 0.003288 0.999994 -0.001140 0.083356 -0.036348 0.001259 0.999338 -1.941089
0.999316 -0.003314 0.036836 -0.139187 0.003358 0.999994 -0.001135 0.083939 -0.036832 0.001258 0.999321 -1.968930
0.999315 -0.003409 0.036855 -0.141551 0.003454 0.999993 -0.001174 0.084159 -0.036851 0.001300 0.999320 -1.975209
0.999303 -0.003258 0.037198 -0.147713 0.003304 0.999994 -0.001181 0.084869 -0.037194 0.001303 0.999307 -1.982202
0.999280 -0.003218 0.037812 -0.145457 0.003264 0.999994 -0.001146 0.083734 -0.037808 0.001269 0.999284 -2.000218
0.999266 -0.003274 0.038178 -0.156244 0.003317 0.999994 -0.001065 0.085242 -0.038174 0.001191 0.999270 -2.022071
0.999253 -0.003305 0.038501 -0.162274 0.003350 0.999994 -0.001100 0.085744 -0.038498 0.001228 0.999258 -2.038053
0.999244 -0.003341 0.038736 -0.165243 0.003384 0.999994 -0.001061 0.085610 -0.038733 0.001191 0.999249 -2.049710
0.999237 -0.003341 0.038906 -0.168232 0.003384 0.999994 -0.001042 0.085820 -0.038902 0.001173 0.999242 -2.057363
0.999222 -0.003367 0.039307 -0.171434 0.003406 0.999994 -0.000929 0.086485 -0.039304 0.001063 0.999227 -2.066997
0.999204 -0.003359 0.039760 -0.172008 0.003404 0.999994 -0.001049 0.086036 -0.039757 0.001183 0.999209 -2.081326
0.999191 -0.003370 0.040086 -0.177677 0.003412 0.999994 -0.000982 0.086932 -0.040083 0.001118 0.999196 -2.091380
0.999167 -0.003417 0.040658 -0.181125 0.003465 0.999993 -0.001099 0.086829 -0.040654 0.001239 0.999173 -2.107700
0.999152 -0.003504 0.041023 -0.182876 0.003552 0.999993 -0.001104 0.088255 -0.041018 0.001249 0.999158 -2.117693
0.999147 -0.003515 0.041151 -0.181743 0.003563 0.999993 -0.001082 0.088427 -0.041147 0.001228 0.999152 -2.126503
0.999138 -0.003611 0.041353 -0.183968 0.003660 0.999993 -0.001109 0.088847 -0.041348 0.001260 0.999144 -2.139817
0.999121 -0.003651 0.041765 -0.187313 0.003701 0.999992 -0.001123 0.090795 -0.041761 0.001276 0.999127 -2.148974
0.999106 -0.003747 0.042105 -0.186969 0.003799 0.999992 -0.001160 0.091209 -0.042100 0.001319 0.999113 -2.156936
0.999098 -0.003690 0.042304 -0.189187 0.003738 0.999992 -0.001047 0.091346 -0.042300 0.001204 0.999104 -2.172596
0.999076 -0.003794 0.042800 -0.188704 0.003840 0.999992 -0.000993 0.091591 -0.042796 0.001156 0.999083 -2.186602
0.999063 -0.003746 0.043121 -0.192323 0.003791 0.999992 -0.000961 0.091457 -0.043117 0.001123 0.999069 -2.202498
0.999053 -0.003669 0.043364 -0.199489 0.003712 0.999993 -0.000919 0.091989 -0.043361 0.001079 0.999059 -2.218673
0.999044 -0.003698 0.043551 -0.201980 0.003738 0.999993 -0.000839 0.092159 -0.043548 0.001001 0.999051 -2.239008
0.999038 -0.003351 0.043728 -0.202892 0.003388 0.999994 -0.000761 0.090083 -0.043725 0.000909 0.999043 -2.254013
0.999022 -0.003329 0.044091 -0.202191 0.003366 0.999994 -0.000760 0.089765 -0.044089 0.000908 0.999027 -2.268625
0.999009 -0.003274 0.044385 -0.201120 0.003318 0.999994 -0.000913 0.089495 -0.044382 0.001059 0.999014 -2.293016
0.998998 -0.003132 0.044639 -0.201919 0.003178 0.999994 -0.000970 0.089158 -0.044636 0.001111 0.999003 -2.309777
0.998985 -0.003110 0.044926 -0.196657 0.003159 0.999995 -0.001016 0.088010 -0.044922 0.001157 0.998990 -2.322117
0.998956 -0.003109 0.045584 -0.196650 0.003158 0.999995 -0.001001 0.088233 -0.045581 0.001144 0.998960 -2.333446
0.998942 -0.002990 0.045896 -0.194898 0.003034 0.999995 -0.000891 0.088065 -0.045893 0.001029 0.998946 -2.344325
0.998928 -0.002947 0.046197 -0.192725 0.002993 0.999995 -0.000922 0.088333 -0.046194 0.001060 0.998932 -2.354941
0.998914 -0.002781 0.046499 -0.190834 0.002829 0.999996 -0.000976 0.088275 -0.046496 0.001107 0.998918 -2.362300
0.998904 -0.002738 0.046716 -0.188721 0.002794 0.999995 -0.001126 0.087224 -0.046712 0.001255 0.998908 -2.371530
0.998892 -0.002706 0.046992 -0.190730 0.002762 0.999996 -0.001136 0.087079 -0.046989 0.001265 0.998895 -2.374077
0.998888 -0.002771 0.047056 -0.192035 0.002829 0.999995 -0.001173 0.087772 -0.047053 0.001305 0.998892 -2.377901
0.998899 -0.002847 0.046831 -0.192412 0.002905 0.999995 -0.001163 0.088735 -0.046827 0.001298 0.998902 -2.377969
0.998891 -0.002817 0.046997 -0.196757 0.002872 0.999995 -0.001118 0.088723 -0.046994 0.001252 0.998894 -2.382152
0.998889 -0.002803 0.047040 -0.198895 0.002862 0.999995 -0.001189 0.088225 -0.047037 0.001323 0.998892 -2.390287
0.998891 -0.002534 0.047020 -0.206503 0.002590 0.999996 -0.001116 0.087640 -0.047017 0.001236 0.998893 -2.390251
0.998884 -0.002732 0.047154 -0.204618 0.002790 0.999995 -0.001146 0.088598 -0.047151 0.001276 0.998887 -2.399862
0.998874 -0.002642 0.047379 -0.209459 0.002700 0.999996 -0.001169 0.087662 -0.047375 0.001296 0.998876 -2.401180
0.998889 -0.002682 0.047047 -0.208170 0.002738 0.999996 -0.001134 0.088846 -0.047043 0.001262 0.998892 -2.398786
0.998881 -0.002768 0.047211 -0.213599 0.002830 0.999995 -0.001257 0.088943 -0.047208 0.001390 0.998884 -2.400575
0.998870 -0.002713 0.047448 -0.210338 0.002778 0.999995 -0.001299 0.088319 -0.047444 0.001429 0.998873 -2.401057
0.998876 -0.002723 0.047316 -0.212438 0.002788 0.999995 -0.001303 0.088743 -0.047313 0.001434 0.998879 -2.403385
0.998860 -0.002763 0.047650 -0.208284 0.002826 0.999995 -0.001251 0.089164 -0.047647 0.001384 0.998863 -2.406969
0.998850 -0.002663 0.047874 -0.210216 0.002726 0.999995 -0.001263 0.088494 -0.047870 0.001392 0.998853 -2.411737
0.998849 -0.002782 0.047884 -0.208654 0.002850 0.999995 -0.001350 0.089465 -0.047880 0.001484 0.998852 -2.410960
0.998845 -0.002811 0.047961 -0.207443 0.002875 0.999995 -0.001264 0.090346 -0.047957 0.001400 0.998848 -2.411424
0.998827 -0.002879 0.048334 -0.206306 0.002939 0.999995 -0.001162 0.090949 -0.048331 0.001303 0.998831 -2.416673
0.998821 -0.002839 0.048471 -0.208624 0.002896 0.999995 -0.001111 0.090653 -0.048468 0.001250 0.998824 -2.421685
0.998820 -0.002894 0.048474 -0.208697 0.002950 0.999995 -0.001083 0.090824 -0.048470 0.001225 0.998824 -2.419875
0.998814 -0.002926 0.048599 -0.206993 0.002984 0.999995 -0.001113 0.091261 -0.048596 0.001256 0.998818 -2.418776
0.998808 -0.002749 0.048725 -0.209498 0.002801 0.999996 -0.001005 0.090751 -0.048722 0.001141 0.998812 -2.417718
0.998807 -0.002849 0.048747 -0.210700 0.002900 0.999995 -0.000995 0.092197 -0.048744 0.001135 0.998811 -2.412798
0.998795 -0.002899 0.048991 -0.211025 0.002953 0.999995 -0.001019 0.091656 -0.048987 0.001162 0.998799 -2.418847
0.998784 -0.002865 0.049219 -0.212270 0.002919 0.999995 -0.001039 0.090900 -0.049216 0.001182 0.998787 -2.424582
0.998785 -0.002772 0.049197 -0.211931 0.002825 0.999996 -0.001008 0.091242 -0.049194 0.001146 0.998789 -2.423317
0.998783 -0.002802 0.049242 -0.211744 0.002855 0.999995 -0.001005 0.091924 -0.049239 0.001145 0.998786 -2.425918
0.998779 -0.002843 0.049322 -0.211641 0.002899 0.999995 -0.001056 0.091819 -0.049319 0.001198 0.998782 -2.433595
0.998766 -0.002841 0.049589 -0.210280 0.002887 0.999995 -0.000871 0.091579 -0.049586 0.001013 0.998769 -2.423247
0.998772 -0.002874 0.049467 -0.207723 0.002926 0.999995 -0.000972 0.092318 -0.049464 0.001116 0.998775 -2.425065
0.998753 -0.002847 0.049837 -0.207101 0.002902 0.999995 -0.001042 0.091688 -0.049834 0.001185 0.998757 -2.431788
0.998736 -0.002913 0.050183 -0.205256 0.002971 0.999995 -0.001094 0.091848 -0.050179 0.001241 0.998739 -2.429732
0.998712 -0.002899 0.050646 -0.206266 0.002960 0.999995 -0.001137 0.092189 -0.050642 0.001285 0.998716 -2.426301
0.998708 -0.002939 0.050739 -0.203007 0.003008 0.999995 -0.001290 0.092329 -0.050735 0.001441 0.998711 -2.430246
0.998707 -0.002895 0.050750 -0.205488 0.002962 0.999995 -0.001252 0.093296 -0.050746 0.001400 0.998711 -2.430025
0.998698 -0.002954 0.050931 -0.204938 0.003023 0.999995 -0.001277 0.094066 -0.050927 0.001429 0.998701 -2.430126
0.998680 -0.002944 0.051279 -0.203911 0.003018 0.999995 -0.001365 0.093227 -0.051274 0.001518 0.998683 -2.431335
0.998682 -0.002985 0.051240 -0.204202 0.003063 0.999994 -0.001456 0.094095 -0.051236 0.001611 0.998685 -2.425759
0.998683 -0.003020 0.051212 -0.204271 0.003093 0.999994 -0.001342 0.094646 -0.051207 0.001499 0.998687 -2.421319
0.998681 -0.002951 0.051260 -0.204676 0.003029 0.999994 -0.001443 0.095129 -0.051256 0.001596 0.998684 -2.421424
0.998669 -0.002965 0.051501 -0.204324 0.003052 0.999994 -0.001600 0.095175 -0.051496 0.001755 0.998672 -2.430115
0.998667 -0.003026 0.051522 -0.206903 0.003116 0.999994 -0.001679 0.095151 -0.051516 0.001837 0.998670 -2.429682
0.998686 -0.003059 0.051156 -0.207405 0.003150 0.999994 -0.001705 0.096350 -0.051151 0.001863 0.998689 -2.425596
0.998675 -0.002987 0.051374 -0.207957 0.003079 0.999994 -0.001714 0.095765 -0.051369 0.001870 0.998678 -2.427643
0.998663 -0.003039 0.051610 -0.208749 0.003129 0.999994 -0.001676 0.095636 -0.051604 0.001836 0.998666 -2.430889
0.998645 -0.003070 0.051952 -0.209929 0.003161 0.999994 -0.001666 0.096020 -0.051947 0.001828 0.998648 -2.428509
0.998638 -0.002999 0.052090 -0.209693 0.003086 0.999994 -0.001594 0.095329 -0.052085 0.001753 0.998641 -2.426061
0.998655 -0.003044 0.051766 -0.209675 0.003134 0.999994 -0.001647 0.096332 -0.051761 0.001807 0.998658 -2.426537
0.998665 -0.003087 0.051569 -0.206669 0.003175 0.999994 -0.001619 0.095724 -0.051564 0.001781 0.998668 -2.425874
0.998652 -0.003007 0.051817 -0.208038 0.003096 0.999994 -0.001643 0.095937 -0.051812 0.001801 0.998655 -2.427563
0.998648 -0.003027 0.051897 -0.211448 0.003115 0.999994 -0.001622 0.096239 -0.051892 0.001781 0.998651 -2.427065
0.998641 -0.003217 0.052021 -0.204960 0.003337 0.999992 -0.002217 0.097199 -0.052013 0.002387 0.998644 -2.439664
0.998634 -0.003221 0.052143 -0.204149 0.003389 0.999989 -0.003129 0.098800 -0.052133 0.003301 0.998635 -2.443332
0.998628 -0.003271 0.052267 -0.206400 0.003457 0.999988 -0.003463 0.098644 -0.052255 0.003639 0.998627 -2.442338
0.998630 -0.003633 0.052193 -0.199037 0.003818 0.999987 -0.003431 0.100054 -0.052179 0.003626 0.998631 -2.418031
0.998624 -0.004043 0.052288 -0.188089 0.004228 0.999985 -0.003422 0.099480 -0.052274 0.003638 0.998626 -2.397643
0.998626 -0.004189 0.052229 -0.182748 0.004377 0.999984 -0.003494 0.098390 -0.052214 0.003718 0.998629 -2.374966
0.998618 -0.004422 0.052371 -0.177866 0.004618 0.999983 -0.003623 0.097386 -0.052354 0.003860 0.998621 -2.352816
0.998604 -0.004575 0.052622 -0.177371 0.004796 0.999980 -0.004076 0.095558 -0.052603 0.004323 0.998606 -2.328127
0.998606 -0.004212 0.052623 -0.179936 0.004486 0.999977 -0.005085 0.093173 -0.052600 0.005314 0.998601 -2.305674
0.998621 -0.003703 0.052367 -0.181973 0.004058 0.999969 -0.006674 0.092844 -0.052341 0.006878 0.998606 -2.270117
0.998580 -0.003005 0.053192 -0.183939 0.003467 0.999957 -0.008603 0.092808 -0.053163 0.008775 0.998547 -2.219013
0.998525 -0.002458 0.054233 -0.185077 0.003024 0.999942 -0.010372 0.090809 -0.054205 0.010521 0.998474 -2.156512
0.998459 -0.002256 0.055453 -0.182577 0.002881 0.999933 -0.011194 0.090449 -0.055424 0.011336 0.998399 -2.090367
0.998382 -0.002161 0.056820 -0.173754 0.002809 0.999932 -0.011319 0.089943 -0.056792 0.011460 0.998320 -1.995460
0.998297 -0.002051 0.058293 -0.163699 0.002708 0.999934 -0.011190 0.090716 -0.058266 0.011329 0.998237 -1.883305
0.998190 -0.001901 0.060108 -0.156212 0.002612 0.999928 -0.011744 0.089203 -0.060081 0.011879 0.998123 -1.757121
0.998035 -0.001919 0.062632 -0.145906 0.002732 0.999913 -0.012891 0.090183 -0.062601 0.013037 0.997953 -1.607842
0.997882 -0.002478 0.064999 -0.130175 0.003378 0.999900 -0.013750 0.090834 -0.064959 0.013940 0.997791 -1.447887
0.997698 -0.003172 0.067736 -0.111444 0.004168 0.999885 -0.014574 0.087780 -0.067682 0.014823 0.997597 -1.263233
0.997488 -0.003107 0.070763 -0.098652 0.004236 0.999866 -0.015807 0.088471 -0.070704 0.016067 0.997368 -1.049683
0.997258 -0.002539 0.073966 -0.082504 0.003823 0.999844 -0.017223 0.088778 -0.073911 0.017459 0.997112 -0.819260
0.997020 -0.002160 0.077116 -0.056333 0.003573 0.999828 -0.018187 0.093887 -0.077063 0.018409 0.996856 -0.551860
0.996747 -0.002495 0.080561 -0.025586 0.004007 0.999819 -0.018614 0.091198 -0.080500 0.018876 0.996576 -0.268242
0.996440 -0.003341 0.084239 0.013004 0.004907 0.999819 -0.018384 0.090983 -0.084162 0.018732 0.996276 0.048115
0.996134 -0.003895 0.087763 0.052633 0.005391 0.999844 -0.016808 0.082149 -0.087684 0.017216 0.996000 0.402472
0.995860 -0.003751 0.090820 0.084735 0.005147 0.999872 -0.015142 0.078734 -0.090751 0.015547 0.995752 0.788408
0.995596 -0.004470 0.093636 0.130812 0.005829 0.999882 -0.014247 0.078340 -0.093561 0.014730 0.995505 1.186809
0.995376 -0.006582 0.095828 0.187037 0.007800 0.999893 -0.012339 0.076526 -0.095737 0.013030 0.995321 1.602337
0.995265 -0.008497 0.096831 0.246562 0.009560 0.999899 -0.010528 0.069988 -0.096732 0.011404 0.995245 2.030449
0.995270 -0.009735 0.096662 0.301298 0.010708 0.999897 -0.009550 0.066466 -0.096559 0.010540 0.995272 2.461300
0.995390 -0.009776 0.095407 0.345670 0.010646 0.999906 -0.008608 0.063529 -0.095314 0.009584 0.995401 2.924150
0.995610 -0.010301 0.093028 0.403495 0.011121 0.999904 -0.008304 0.063902 -0.092934 0.009302 0.995629 3.384596
0.995926 -0.011300 0.089463 0.464189 0.012088 0.999893 -0.008272 0.057689 -0.089360 0.009320 0.995956 3.861386
0.996370 -0.012900 0.084145 0.519204 0.013666 0.999870 -0.008531 0.055500 -0.084024 0.009650 0.996417 4.345245
0.996940 -0.014797 0.076755 0.563616 0.015482 0.999845 -0.008332 0.053381 -0.076620 0.009495 0.997015 4.841708
0.997642 -0.016966 0.066501 0.603506 0.017604 0.999804 -0.009017 0.050458 -0.066335 0.010167 0.997746 5.331871
0.998353 -0.019715 0.053883 0.649918 0.020296 0.999741 -0.010253 0.051856 -0.053667 0.011329 0.998495 5.849895
0.998999 -0.022298 0.038789 0.684739 0.022725 0.999686 -0.010593 0.042683 -0.038540 0.011464 0.999191 6.396674
0.999506 -0.023699 0.020658 0.710960 0.023909 0.999664 -0.009994 0.036018 -0.020414 0.010483 0.999737 6.948201
0.999706 -0.024244 0.000124 0.714930 0.024244 0.999664 -0.009136 0.028159 0.000098 0.009136 0.999958 7.513242
0.999424 -0.025012 -0.022929 0.710967 0.024808 0.999651 -0.009127 0.028364 0.023150 0.008553 0.999695 8.077140
0.998425 -0.027407 -0.048952 0.695208 0.027028 0.999600 -0.008385 0.024488 0.049162 0.007049 0.998766 8.655310
0.996603 -0.027323 -0.077691 0.650257 0.026879 0.999616 -0.006755 0.015627 0.077845 0.004644 0.996955 9.256496
0.993709 -0.027987 -0.108437 0.594887 0.027460 0.999603 -0.006347 0.013258 0.108572 0.003329 0.994083 9.874426
0.989602 -0.027347 -0.141207 0.493219 0.026743 0.999623 -0.006179 0.006464 0.141322 0.002338 0.989961 10.495272
0.984072 -0.025922 -0.175872 0.381114 0.025346 0.999663 -0.005524 0.002011 0.175956 0.000978 0.984398 11.118871
0.977231 -0.022972 -0.210933 0.239554 0.022341 0.999736 -0.005374 -0.001083 0.211000 0.000539 0.977486 11.753765
0.968947 -0.022266 -0.246263 0.074756 0.021140 0.999750 -0.007216 0.005240 0.246362 0.001786 0.969176 12.380344
0.958927 -0.023530 -0.282674 -0.095433 0.021796 0.999719 -0.009277 -0.005406 0.282813 0.002735 0.959171 13.005233
0.947185 -0.023700 -0.319810 -0.306773 0.021219 0.999712 -0.011240 -0.011636 0.319985 0.003860 0.947415 13.614130
0.933483 -0.022344 -0.357925 -0.562301 0.018760 0.999733 -0.013484 -0.020566 0.358131 0.005872 0.933653 14.217731
0.918042 -0.023555 -0.395784 -0.812777 0.019607 0.999709 -0.014017 -0.015173 0.395999 0.005108 0.918237 14.826635
0.900649 -0.026373 -0.433747 -1.101789 0.022997 0.999651 -0.013028 -0.029850 0.433939 0.001759 0.900941 15.452549
0.881860 -0.026079 -0.470790 -1.417932 0.023513 0.999659 -0.011332 -0.044735 0.470925 -0.001077 0.882172 16.053911
0.861228 -0.027314 -0.507485 -1.750873 0.025551 0.999619 -0.010439 -0.056852 0.507576 -0.003977 0.861598 16.658699
0.838678 -0.028014 -0.543907 -2.122118 0.026356 0.999594 -0.010844 -0.067696 0.543990 -0.005241 0.839075 17.255833
0.814315 -0.027970 -0.579749 -2.524607 0.026408 0.999589 -0.011132 -0.080769 0.579822 -0.006245 0.814719 17.825266
0.788611 -0.026806 -0.614307 -2.965704 0.024816 0.999623 -0.011762 -0.083315 0.614391 -0.005969 0.788979 18.375750
0.761555 -0.025639 -0.647592 -3.434379 0.024188 0.999645 -0.011132 -0.096405 0.647648 -0.007187 0.761906 18.921997
0.733034 -0.023884 -0.679772 -3.938175 0.022414 0.999689 -0.010954 -0.096716 0.679822 -0.007207 0.733342 19.445620
0.703835 -0.021872 -0.710027 -4.463811 0.020845 0.999731 -0.010134 -0.106559 0.710058 -0.007668 0.704102 19.963425
0.673110 -0.020064 -0.739270 -5.015075 0.019573 0.999765 -0.009313 -0.110639 0.739284 -0.008201 0.673344 20.459755
0.641235 -0.020349 -0.767075 -5.583816 0.019371 0.999759 -0.010329 -0.116331 0.767100 -0.008235 0.641475 20.945028
0.609101 -0.023503 -0.792744 -6.166126 0.022300 0.999673 -0.012504 -0.119847 0.792779 -0.010062 0.609426 21.432932
0.575961 -0.025008 -0.817094 -6.796634 0.020659 0.999658 -0.016033 -0.146107 0.817216 -0.007646 0.576281 21.909752
0.543021 -0.026476 -0.839301 -7.444711 0.017079 0.999644 -0.020485 -0.142542 0.839545 -0.003211 0.543280 22.358343
0.510059 -0.030192 -0.859610 -8.125229 0.018672 0.999537 -0.024027 -0.147187 0.859937 -0.003796 0.510386 22.786766
0.476600 -0.030333 -0.878597 -8.854566 0.016943 0.999536 -0.025317 -0.169343 0.878957 -0.002820 0.476893 23.187851
0.445430 -0.030239 -0.894806 -9.592075 0.017472 0.999533 -0.025080 -0.185212 0.895146 -0.004463 0.445750 23.585207
0.414378 -0.031718 -0.909552 -10.355069 0.017066 0.999488 -0.027079 -0.206216 0.909945 -0.004301 0.414707 23.972076
0.383995 -0.034184 -0.922702 -11.143724 0.016554 0.999409 -0.030137 -0.233543 0.923187 -0.003702 0.384333 24.327991
0.354763 -0.037400 -0.934208 -11.952845 0.016802 0.999293 -0.033625 -0.255670 0.934805 -0.003768 0.355141 24.657602
0.327391 -0.037363 -0.944150 -12.780005 0.012770 0.999302 -0.035117 -0.289470 0.944803 -0.000560 0.327640 24.957685
0.303083 -0.037143 -0.952240 -13.614895 0.009687 0.999309 -0.035896 -0.320286 0.952915 0.001655 0.303234 25.220667
0.281959 -0.036772 -0.958722 -14.476609 0.005733 0.999312 -0.036643 -0.350990 0.959409 0.004835 0.281976 25.462149
0.265598 -0.035978 -0.963412 -15.340752 0.002000 0.999322 -0.036768 -0.383364 0.964082 0.007839 0.265490 25.691845
0.252254 -0.034976 -0.967029 -16.209557 -0.001152 0.999335 -0.036445 -0.414525 0.967660 0.010307 0.252046 25.905260
0.241532 -0.034624 -0.969775 -17.092939 -0.003569 0.999325 -0.036567 -0.445109 0.970386 0.012293 0.241245 26.117058
0.234267 -0.034980 -0.971543 -17.972584 -0.005747 0.999285 -0.037364 -0.473487 0.972155 0.014337 0.233898 26.318111
0.230172 -0.035775 -0.972492 -18.849516 -0.006713 0.999242 -0.038348 -0.505865 0.973127 0.015355 0.229757 26.520586
0.228136 -0.036916 -0.972929 -19.721933 -0.008663 0.999164 -0.039943 -0.544412 0.973591 0.017540 0.227626 26.720560
0.227961 -0.036436 -0.972988 -20.616385 -0.011073 0.999138 -0.040010 -0.574916 0.973607 0.019894 0.227361 26.922382
0.228397 -0.034010 -0.972974 -21.524445 -0.011989 0.999216 -0.037741 -0.609944 0.973494 0.020285 0.227811 27.131292
0.229468 -0.031023 -0.972822 -22.440350 -0.010378 0.999357 -0.034317 -0.639966 0.973261 0.017971 0.228998 27.342173
0.230764 -0.030575 -0.972529 -23.348484 -0.008069 0.999412 -0.033335 -0.672806 0.972976 0.015539 0.230381 27.564978
0.231413 -0.031266 -0.972353 -24.273941 -0.004976 0.999432 -0.033320 -0.705075 0.972843 0.012549 0.231127 27.802692
0.232673 -0.030607 -0.972073 -25.196478 -0.003563 0.999471 -0.032322 -0.738355 0.972548 0.010984 0.232441 28.028938
0.234297 -0.028778 -0.971739 -26.131979 -0.002392 0.999542 -0.030178 -0.768976 0.972162 0.009395 0.234121 28.252686
0.235074 -0.024716 -0.971663 -27.069578 -0.002762 0.999656 -0.026096 -0.812134 0.971974 0.008818 0.234925 28.483246
0.236175 -0.016333 -0.971573 -28.019838 -0.004722 0.999828 -0.017956 -0.820886 0.971699 0.008829 0.236057 28.690744
0.237535 -0.009599 -0.971332 -28.972898 -0.000621 0.999949 -0.010034 -0.836139 0.971379 0.002987 0.237517 28.938828
0.238148 -0.011472 -0.971161 -29.893774 0.000998 0.999933 -0.011567 -0.858172 0.971228 0.001786 0.238143 29.165638
