1.000000 0.000000 0.000000 0.000000 0.000000 1.000000 0.000000 0.000000 0.000000 0.000000 1.000000 0.000000
1.000000 -0.000126 0.000065 -0.000645 0.000126 1.000000 -0.000133 0.003149 -0.000065 0.000133 1.000000 -0.003457
1.000000 -0.000169 -0.000020 0.001346 0.000169 1.000000 -0.000181 0.002439 0.000020 0.000181 1.000000 -0.000714
1.000000 -0.000221 0.000025 -0.001155 0.000221 1.000000 -0.000226 0.003520 -0.000025 0.000226 1.000000 0.001874
1.000000 -0.000165 -0.000040 -0.000033 0.000165 1.000000 -0.000248 0.003324 0.000040 0.000248 1.000000 -0.000345
1.000000 -0.000235 0.000033 -0.001256 0.000235 1.000000 -0.000213 0.003276 -0.000033 0.000213 1.000000 -0.002513
1.000000 -0.000266 0.000028 -0.003429 0.000266 1.000000 -0.000199 0.003971 -0.000028 0.000199 1.000000 -0.000618
1.000000 -0.000207 -0.000042 -0.003497 0.000207 1.000000 -0.000205 0.002765 0.000042 0.000205 1.000000 -0.002498
1.000000 -0.000252 -0.000030 -0.001374 0.000252 1.000000 -0.000222 0.002807 0.000030 0.000222 1.000000 -0.002394
1.000000 -0.000330 0.000046 -0.001297 0.000330 1.000000 -0.000215 0.003350 -0.000046 0.000215 1.000000 -0.001374
1.000000 -0.000207 -0.000040 -0.002288 0.000207 1.000000 -0.000201 0.003124 0.000040 0.000201 1.000000 0.000313
1.000000 -0.000249 -0.000099 -0.002250 0.000248 1.000000 -0.000255 0.002024 0.000099 0.000255 1.000000 -0.002274
1.000000 -0.000285 -0.000026 -0.001684 0.000285 1.000000 -0.000226 0.001867 0.000026 0.000226 1.000000 -0.004449
1.000000 -0.000305 -0.000017 -0.003922 0.000305 1.000000 -0.000214 0.002019 0.000017 0.000214 1.000000 -0.004033
1.000000 -0.000324 -0.000079 -0.003911 0.000324 1.000000 -0.000244 0.002833 0.000079 0.000244 1.000000 -0.001531
1.000000 -0.000368 0.000032 -0.004173 0.000368 1.000000 -0.000272 0.002029 -0.000032 0.000272 1.000000 -0.005888
1.000000 -0.000377 0.000018 -0.003918 0.000377 1.000000 -0.000275 0.003209 -0.000018 0.000275 1.000000 -0.002858
1.000000 -0.000385 0.000005 -0.006066 0.000385 1.000000 -0.000284 0.002558 -0.000005 0.000284 1.000000 -0.008625
1.000000 -0.000427 0.000017 -0.008354 0.000427 1.000000 -0.000273 0.003136 -0.000017 0.000273 1.000000 -0.009404
1.000000 -0.000455 0.000042 -0.005483 0.000455 1.000000 -0.000260 0.002468 -0.000042 0.000260 1.000000 -0.010558
1.000000 -0.000420 0.000067 -0.009767 0.000420 1.000000 -0.000285 0.003143 -0.000067 0.000285 1.000000 -0.016892
1.000000 -0.000539 0.000092 -0.013314 0.000539 1.000000 -0.000296 0.004041 -0.000092 0.000296 1.000000 -0.016913
1.000000 -0.000540 0.000144 -0.010921 0.000540 1.000000 -0.000286 0.003116 -0.000144 0.000286 1.000000 -0.020014
1.000000 -0.000541 0.000064 -0.011120 0.000541 1.000000 -0.000274 0.003993 -0.000064 0.000274 1.000000 -0.023451
1.000000 -0.000502 0.000167 -0.009777 0.000502 1.000000 -0.000283 0.003850 -0.000167 0.000283 1.000000 -0.022583
1.000000 -0.000429 0.000123 -0.013614 0.000429 1.000000 -0.000252 0.003489 -0.000123 0.000252 1.000000 -0.024319
1.000000 -0.000466 0.000120 -0.011839 0.000466 1.000000 -0.000292 0.004115 -0.000120 0.000292 1.000000 -0.027396
1.000000 -0.000445 0.000144 -0.013426 0.000445 1.000000 -0.000252 0.002555 -0.000144 0.000252 1.000000 -0.024813
1.000000 -0.000442 0.000176 -0.013548 0.000442 1.000000 -0.000285 0.003276 -0.000175 0.000285 1.000000 -0.029197
1.000000 -0.000483 0.000230 -0.016192 0.000483 1.000000 -0.000299 0.002618 -0.000229 0.000299 1.000000 -0.029742
1.000000 -0.000422 0.000192 -0.015666 0.000422 1.000000 -0.000298 0.002671 -0.000192 0.000298 1.000000 -0.030626
1.000000 -0.000439 0.000167 -0.015202 0.000439 1.000000 -0.000316 0.001472 -0.000166 0.000316 1.000000 -0.032060
1.000000 -0.000436 0.000209 -0.016159 0.000436 1.000000 -0.000360 0.002707 -0.000209 0.000360 1.000000 -0.032420
1.000000 -0.000407 0.000056 -0.015284 0.000407 1.000000 -0.000389 0.002813 -0.000055 0.000389 1.000000 -0.029149
1.000000 -0.000443 0.000168 -0.011489 0.000443 1.000000 -0.000377 0.002408 -0.000168 0.000377 1.000000 -0.029757
1.000000 -0.000456 0.000112 -0.015664 0.000456 1.000000 -0.000361 0.003226 -0.000111 0.000361 1.000000 -0.029448
1.000000 -0.000449 0.000127 -0.013430 0.000449 1.000000 -0.000349 0.002180 -0.000127 0.000349 1.000000 -0.032099
1.000000 -0.000454 0.000167 -0.016198 0.000454 1.000000 -0.000343 0.003560 -0.000167 0.000343 1.000000 -0.030778
1.000000 -0.000444 0.000197 -0.018216 0.000444 1.000000 -0.000364 0.003591 -0.000197 0.000365 1.000000 -0.032344
1.000000 -0.000429 0.000066 -0.015559 0.000429 1.000000 -0.000372 0.003494 -0.000066 0.000372 1.000000 -0.034105
1.000000 -0.000413 0.000146 -0.015207 0.000413 1.000000 -0.000365 0.003398 -0.000146 0.000365 1.000000 -0.035120
1.000000 -0.000440 0.000055 -0.016337 0.000440 1.000000 -0.000375 0.004138 -0.000054 0.000375 1.000000 -0.034767
1.000000 -0.000438 0.000096 -0.017700 0.000438 1.000000 -0.000356 0.003213 -0.000096 0.000356 1.000000 -0.034181
1.000000 -0.000457 0.000091 -0.019349 0.000457 1.000000 -0.000351 0.003282 -0.000091 0.000351 1.000000 -0.032844
1.000000 -0.000453 0.000086 -0.017929 0.000453 1.000000 -0.000332 0.003512 -0.000086 0.000332 1.000000 -0.030792
1.000000 -0.000384 0.000068 -0.018055 0.000384 1.000000 -0.000379 0.001811 -0.000068 0.000379 1.000000 -0.030327
1.000000 -0.000451 0.000153 -0.014683 0.000451 1.000000 -0.000392 0.003384 -0.000153 0.000392 1.000000 -0.033443
1.000000 -0.000446 0.000110 -0.015490 0.000446 1.000000 -0.000386 0.002621 -0.000110 0.000386 1.000000 -0.029011
1.000000 -0.000476 0.000086 -0.018694 0.000476 1.000000 -0.000363 0.004116 -0.000086 0.000363 1.000000 -0.031686
1.000000 -0.000470 0.000110 -0.015839 0.000470 1.000000 -0.000346 0.003608 -0.000110 0.000346 1.000000 -0.031856
1.000000 -0.000450 0.000087 -0.016092 0.000450 1.000000 -0.000394 0.003688 -0.000087 0.000394 1.000000 -0.033872
1.000000 -0.000474 0.000128 -0.019371 0.000474 1.000000 -0.000324 0.004053 -0.000128 0.000324 1.000000 -0.028742
1.000000 -0.000475 0.000126 -0.013496 0.000475 1.000000 -0.000315 0.003466 -0.000126 0.000315 1.000000 -0.032242
1.000000 -0.000343 0.000054 -0.015342 0.000343 1.000000 -0.000389 0.002970 -0.000054 0.000389 1.000000 -0.035021
1.000000 -0.000367 0.000122 -0.014078 0.000367 1.000000 -0.000314 0.002015 -0.000122 0.000314 1.000000 -0.034144
1.000000 -0.000367 0.000148 -0.014512 0.000367 1.000000 -0.000334 0.001341 -0.000148 0.000334 1.000000 -0.037236
1.000000 -0.000369 0.000099 -0.015392 0.000369 1.000000 -0.000365 0.001532 -0.000099 0.000366 1.000000 -0.037435
1.000000 -0.000436 0.000169 -0.014623 0.000436 1.000000 -0.000358 0.002767 -0.000169 0.000358 1.000000 -0.038500
1.000000 -0.000463 0.000187 -0.018741 0.000463 1.000000 -0.000331 0.003291 -0.000187 0.000331 1.000000 -0.035447
1.000000 -0.000499 0.000161 -0.016955 0.000499 1.000000 -0.000322 0.004142 -0.000161 0.000322 1.000000 -0.035516
1.000000 -0.000531 0.000209 -0.016047 0.000531 1.000000 -0.000347 0.004085 -0.000209 0.000347 1.000000 -0.040865
1.000000 -0.000446 0.000209 -0.016337 0.000446 1.000000 -0.000307 0.002385 -0.000209 0.000307 1.000000 -0.040474
1.000000 -0.000489 0.000257 -0.016591 0.000489 1.000000 -0.000316 0.003193 -0.000257 0.000316 1.000000 -0.042909
1.000000 -0.000465 0.000224 -0.015890 0.000466 1.000000 -0.000377 0.002225 -0.000224 0.000377 1.000000 -0.044972
1.000000 -0.000531 0.000222 -0.017343 0.000531 1.000000 -0.000335 0.004371 -0.000222 0.000335 1.000000 -0.044201
1.000000 -0.000527 0.000273 -0.018844 0.000527 1.000000 -0.000318 0.004553 -0.000273 0.000318 1.000000 -0.044522
1.000000 -0.000519 0.000271 -0.016778 0.000519 1.000000 -0.000345 0.004973 -0.000271 0.000345 1.000000 -0.045265
1.000000 -0.000542 0.000285 -0.015481 0.000542 1.000000 -0.000318 0.002691 -0.000285 0.000318 1.000000 -0.040075
1.000000 -0.000483 0.000290 -0.016601 0.000483 1.000000 -0.000303 0.002282 -0.000289 0.000303 1.000000 -0.039203
1.000000 -0.000516 0.000288 -0.014148 0.000516 1.000000 -0.000287 0.002400 -0.000288 0.000287 1.000000 -0.035988
1.000000 -0.000465 0.000300 -0.017795 0.000465 1.000000 -0.000341 0.001379 -0.000300 0.000341 1.000000 -0.034962
1.000000 -0.000377 0.000267 -0.015121 0.000377 1.000000 -0.000413 0.001166 -0.000266 0.000413 1.000000 -0.038358
1.000000 -0.000413 0.000254 -0.015453 0.000413 1.000000 -0.000303 0.000813 -0.000254 0.000303 1.000000 -0.034867
1.000000 -0.000386 0.000266 -0.018505 0.000386 1.000000 -0.000313 0.001133 -0.000266 0.000313 1.000000 -0.036619
1.000000 -0.000442 0.000278 -0.016510 0.000442 1.000000 -0.000267 0.000789 -0.000278 0.000267 1.000000 -0.038229
1.000000 -0.000342 0.000242 -0.014516 0.000343 1.000000 -0.000342 -0.000361 -0.000242 0.000342 1.000000 -0.039678
1.000000 -0.000362 0.000226 -0.018210 0.000362 1.000000 -0.000350 -0.000236 -0.000226 0.000350 1.000000 -0.040623
1.000000 -0.000367 0.000351 -0.018657 0.000367 1.000000 -0.000326 -0.000932 -0.000351 0.000327 1.000000 -0.041613
1.000000 -0.000336 0.000286 -0.016921 0.000336 1.000000 -0.000359 -0.000848 -0.000286 0.000359 1.000000 -0.038231
1.000000 -0.000350 0.000218 -0.013191 0.000350 1.000000 -0.000389 -0.000878 -0.000218 0.000389 1.000000 -0.039527
1.000000 -0.000410 0.000257 -0.013961 0.000410 1.000000 -0.000361 -0.001221 -0.000257 0.000361 1.000000 -0.040003
1.000000 -0.000370 0.000235 -0.013283 0.000370 1.000000 -0.000409 -0.000502 -0.000234 0.000410 1.000000 -0.039999
1.000000 -0.000384 0.000215 -0.014116 0.000384 1.000000 -0.000374 -0.000295 -0.000215 0.000374 1.000000 -0.036726
1.000000 -0.000404 0.000208 -0.017011 0.000404 1.000000 -0.000392 -0.000909 -0.000208 0.000392 1.000000 -0.039881
1.000000 -0.000383 0.000186 -0.014594 0.000383 1.000000 -0.000371 -0.001329 -0.000185 0.000371 1.000000 -0.035279
1.000000 -0.000382 0.000224 -0.015937 0.000383 1.000000 -0.000395 -0.002003 -0.000224 0.000395 1.000000 -0.038135
1.000000 -0.000395 0.000257 -0.012321 0.000395 1.000000 -0.000380 -0.002343 -0.000257 0.000380 1.000000 -0.038442
1.000000 -0.000372 0.000199 -0.013306 0.000372 1.000000 -0.000379 -0.002066 -0.000198 0.000379 1.000000 -0.037012
1.000000 -0.000454 0.000253 -0.016327 0.000454 1.000000 -0.000402 -0.001223 -0.000252 0.000402 1.000000 -0.036636
1.000000 -0.000388 0.000369 -0.015651 0.000388 1.000000 -0.000415 -0.001275 -0.000369 0.000416 1.000000 -0.036075
1.000000 -0.000334 0.000286 -0.013683 0.000335 1.000000 -0.000403 -0.001751 -0.000285 0.000403 1.000000 -0.038247
1.000000 -0.000393 0.000287 -0.018390 0.000393 1.000000 -0.000405 -0.001631 -0.000287 0.000405 1.000000 -0.035094
1.000000 -0.000451 0.000243 -0.016565 0.000451 1.000000 -0.000368 -0.002433 -0.000243 0.000369 1.000000 -0.035862
1.000000 -0.000404 0.000274 -0.016051 0.000404 1.000000 -0.000408 -0.002296 -0.000273 0.000408 1.000000 -0.037587
1.000000 -0.000366 0.000311 -0.013716 0.000366 1.000000 -0.000361 -0.003065 -0.000311 0.000361 1.000000 -0.036226
1.000000 -0.000311 0.000281 -0.014046 0.000311 1.000000 -0.000413 -0.004289 -0.000281 0.000413 1.000000 -0.034124
1.000000 -0.000381 0.000313 -0.015699 0.000381 1.000000 -0.000413 -0.003350 -0.000313 0.000413 1.000000 -0.036477
1.000000 -0.000330 0.000328 -0.014355 0.000330 1.000000 -0.000416 -0.004665 -0.000328 0.000416 1.000000 -0.036032
1.000000 -0.000307 0.000335 -0.019789 0.000307 1.000000 -0.000373 -0.004242 -0.000335 0.000373 1.000000 -0.036076
1.000000 -0.000378 0.000374 -0.016337 0.000378 1.000000 -0.000347 -0.004225 -0.000373 0.000347 1.000000 -0.036339
1.000000 -0.000340 0.000290 -0.016623 0.000340 1.000000 -0.000377 -0.004788 -0.000290 0.000377 1.000000 -0.039110
1.000000 -0.000302 0.000298 -0.016607 0.000302 1.000000 -0.000413 -0.004588 -0.000298 0.000413 1.000000 -0.036424
1.000000 -0.000305 0.000267 -0.018288 0.000305 1.000000 -0.000399 -0.005177 -0.000267 0.000399 1.000000 -0.035332
1.000000 -0.000315 0.000269 -0.021022 0.000316 1.000000 -0.000450 -0.006118 -0.000269 0.000450 1.000000 -0.036265
1.000000 -0.000272 0.000225 -0.017325 0.000272 1.000000 -0.000414 -0.006764 -0.000225 0.000414 1.000000 -0.033737
1.000000 -0.000291 0.000219 -0.017058 0.000291 1.000000 -0.000431 -0.007110 -0.000219 0.000431 1.000000 -0.037259
1.000000 -0.000319 0.000245 -0.020056 0.000319 1.000000 -0.000468 -0.007243 -0.000245 0.000468 1.000000 -0.037738
1.000000 -0.000350 0.000347 -0.017090 0.000350 1.000000 -0.000389 -0.006549 -0.000347 0.000389 1.000000 -0.037352
1.000000 -0.000315 0.000272 -0.019466 0.000315 1.000000 -0.000398 -0.007245 -0.000272 0.000398 1.000000 -0.033513
1.000000 -0.000325 0.000269 -0.018193 0.000325 1.000000 -0.000419 -0.007641 -0.000269 0.000419 1.000000 -0.033729
1.000000 -0.000363 0.000386 -0.019697 0.000363 1.000000 -0.000379 -0.007425 -0.000386 0.000379 1.000000 -0.039541
1.000000 -0.000397 0.000305 -0.019171 0.000397 1.000000 -0.000418 -0.006865 -0.000305 0.000418 1.000000 -0.035288
1.000000 -0.000373 0.000387 -0.018812 0.000373 1.000000 -0.000397 -0.007640 -0.000387 0.000397 1.000000 -0.036254
1.000000 -0.000306 0.000270 -0.022048 0.000307 1.000000 -0.000443 -0.007929 -0.000270 0.000443 1.000000 -0.033673
1.000000 -0.000358 0.000313 -0.016573 0.000358 1.000000 -0.000468 -0.007074 -0.000313 0.000468 1.000000 -0.035108
1.000000 -0.000438 0.000376 -0.018057 0.000438 1.000000 -0.000423 -0.007291 -0.000376 0.000423 1.000000 -0.033457
1.000000 -0.000307 0.000379 -0.019697 0.000307 1.000000 -0.000488 -0.007394 -0.000378 0.000488 1.000000 -0.031391
1.000000 -0.000328 0.000377 -0.022152 0.000329 1.000000 -0.000477 -0.008132 -0.000376 0.000477 1.000000 -0.035763
1.000000 -0.000314 0.000339 -0.019410 0.000314 1.000000 -0.000469 -0.007607 -0.000338 0.000469 1.000000 -0.034536
1.000000 -0.000374 0.000330 -0.018417 0.000374 1.000000 -0.000453 -0.007811 -0.000329 0.000453 1.000000 -0.034039
1.000000 -0.000310 0.000361 -0.019152 0.000310 1.000000 -0.000391 -0.008161 -0.000361 0.000391 1.000000 -0.036703
1.000000 -0.000346 0.000336 -0.021675 0.000346 1.000000 -0.000400 -0.007664 -0.000336 0.000400 1.000000 -0.038656
1.000000 -0.000390 0.000289 -0.018089 0.000390 1.000000 -0.000377 -0.007603 -0.000289 0.000377 1.000000 -0.040037
1.000000 -0.000408 0.000374 -0.018607 0.000408 1.000000 -0.000398 -0.007864 -0.000373 0.000398 1.000000 -0.035400
1.000000 -0.000338 0.000362 -0.020826 0.000338 1.000000 -0.000391 -0.008030 -0.000361 0.000391 1.000000 -0.037620
1.000000 -0.000326 0.000315 -0.017682 0.000326 1.000000 -0.000397 -0.008679 -0.000314 0.000397 1.000000 -0.036984
1.000000 -0.000376 0.000337 -0.019423 0.000377 1.000000 -0.000379 -0.008764 -0.000337 0.000379 1.000000 -0.032874
1.000000 -0.000330 0.000330 -0.019965 0.000330 1.000000 -0.000397 -0.008888 -0.000329 0.000397 1.000000 -0.036943
1.000000 -0.000324 0.000326 -0.021613 0.000324 1.000000 -0.000440 -0.009458 -0.000326 0.000440 1.000000 -0.035013
1.000000 -0.000374 0.000364 -0.020950 0.000374 1.000000 -0.000419 -0.009676 -0.000364 0.000419 1.000000 -0.037791
1.000000 -0.000361 0.000287 -0.017365 0.000361 1.000000 -0.000467 -0.010057 -0.000287 0.000467 1.000000 -0.037693
1.000000 -0.000371 0.000287 -0.021136 0.000371 1.000000 -0.000425 -0.009531 -0.000286 0.000425 1.000000 -0.036535
1.000000 -0.000366 0.000327 -0.017464 0.000366 1.000000 -0.000440 -0.010749 -0.000327 0.000440 1.000000 -0.038959
1.000000 -0.000328 0.000284 -0.023607 0.000328 1.000000 -0.000450 -0.010916 -0.000284 0.000450 1.000000 -0.035481
1.000000 -0.000358 0.000296 -0.018144 0.000358 1.000000 -0.000439 -0.009876 -0.000296 0.000439 1.000000 -0.036827
1.000000 -0.000346 0.000346 -0.021061 0.000347 1.000000 -0.000440 -0.009807 -0.000346 0.000441 1.000000 -0.036512
1.000000 -0.000363 0.000288 -0.021152 0.000363 1.000000 -0.000441 -0.009311 -0.000287 0.000441 1.000000 -0.033473
1.000000 -0.000396 0.000370 -0.020654 0.000396 1.000000 -0.000410 -0.009432 -0.000370 0.000410 1.000000 -0.038220
1.000000 -0.000291 0.000369 -0.022538 0.000291 1.000000 -0.000467 -0.010132 -0.000369 0.000467 1.000000 -0.037234
1.000000 -0.000336 0.000348 -0.020731 0.000336 1.000000 -0.000428 -0.009936 -0.000347 0.000428 1.000000 -0.037261
1.000000 -0.000343 0.000279 -0.015789 0.000343 1.000000 -0.000458 -0.009409 -0.000278 0.000458 1.000000 -0.037735
1.000000 -0.000373 0.000305 -0.023727 0.000374 1.000000 -0.000415 -0.010303 -0.000305 0.000415 1.000000 -0.040073
1.000000 -0.000343 0.000333 -0.019655 0.000343 1.000000 -0.000474 -0.009492 -0.000333 0.000474 1.000000 -0.042488
1.000000 -0.000336 0.000326 -0.020258 0.000336 1.000000 -0.000433 -0.009405 -0.000326 0.000433 1.000000 -0.042246
1.000000 -0.000383 0.000352 -0.017438 0.000383 1.000000 -0.000446 -0.010018 -0.000352 0.000446 1.000000 -0.038710
1.000000 -0.000308 0.000402 -0.018653 0.000308 1.000000 -0.000426 -0.010164 -0.000401 0.000426 1.000000 -0.043383
1.000000 -0.000336 0.000317 -0.016694 0.000336 1.000000 -0.000408 -0.010322 -0.000317 0.000408 1.000000 -0.037856
1.000000 -0.000397 0.000344 -0.014965 0.000397 1.000000 -0.000417 -0.009599 -0.000344 0.000417 1.000000 -0.041771
1.000000 -0.000281 0.000383 -0.024722 0.000281 1.000000 -0.000397 -0.010355 -0.000383 0.000397 1.000000 -0.041854
1.000000 -0.000339 0.000304 -0.023976 0.000339 1.000000 -0.000393 -0.009433 -0.000304 0.000393 1.000000 -0.037095
1.000000 -0.000397 0.000357 -0.016664 0.000397 1.000000 -0.000401 -0.009893 -0.000357 0.000401 1.000000 -0.040440
1.000000 -0.000333 0.000403 -0.020503 0.000333 1.000000 -0.000434 -0.010289 -0.000403 0.000434 1.000000 -0.043370
1.000000 -0.000315 0.000358 -0.022783 0.000315 1.000000 -0.000406 -0.010559 -0.000358 0.000406 1.000000 -0.038375
1.000000 -0.000324 0.000349 -0.019500 0.000324 1.000000 -0.000442 -0.009594 -0.000349 0.000442 1.000000 -0.040817
1.000000 -0.000346 0.000350 -0.016981 0.000347 1.000000 -0.000465 -0.010186 -0.000349 0.000465 1.000000 -0.046110
1.000000 -0.000320 0.000405 -0.019305 0.000321 1.000000 -0.000455 -0.010866 -0.000405 0.000455 1.000000 -0.039439
1.000000 -0.000318 0.000378 -0.018260 0.000318 1.000000 -0.000434 -0.010032 -0.000378 0.000434 1.000000 -0.040374
1.000000 -0.000252 0.000323 -0.018734 0.000252 1.000000 -0.000519 -0.010016 -0.000323 0.000519 1.000000 -0.044684
1.000000 -0.000330 0.000371 -0.018256 0.000331 1.000000 -0.000433 -0.010324 -0.000371 0.000433 1.000000 -0.040324
1.000000 -0.000359 0.000366 -0.020693 0.000359 1.000000 -0.000400 -0.009743 -0.000366 0.000401 1.000000 -0.036821
1.000000 -0.000363 0.000349 -0.017771 0.000363 1.000000 -0.000439 -0.010074 -0.000349 0.000439 1.000000 -0.041390
1.000000 -0.000279 0.000322 -0.018305 0.000279 1.000000 -0.000465 -0.010285 -0.000322 0.000465 1.000000 -0.043634
1.000000 -0.000366 0.000359 -0.019198 0.000366 1.000000 -0.000426 -0.010028 -0.000359 0.000426 1.000000 -0.037278
1.000000 -0.000358 0.000347 -0.020007 0.000358 1.000000 -0.000459 -0.010729 -0.000347 0.000459 1.000000 -0.038888
1.000000 -0.000347 0.000311 -0.019664 0.000348 1.000000 -0.000497 -0.010115 -0.000310 0.000497 1.000000 -0.041396
1.000000 -0.000305 0.000313 -0.019014 0.000305 1.000000 -0.000473 -0.009591 -0.000313 0.000473 1.000000 -0.039947
1.000000 -0.000379 0.000334 -0.021372 0.000379 1.000000 -0.000454 -0.009734 -0.000333 0.000455 1.000000 -0.041082
1.000000 -0.000309 0.000344 -0.018355 0.000310 1.000000 -0.000483 -0.008804 -0.000344 0.000483 1.000000 -0.046114
1.000000 -0.000392 0.000329 -0.019177 0.000393 1.000000 -0.000450 -0.009554 -0.000329 0.000450 1.000000 -0.047248
1.000000 -0.000388 0.000344 -0.018812 0.000388 1.000000 -0.000463 -0.008877 -0.000344 0.000463 1.000000 -0.043526
1.000000 -0.000375 0.000345 -0.019804 0.000376 1.000000 -0.000483 -0.008762 -0.000345 0.000483 1.000000 -0.044016
1.000000 -0.000329 0.000345 -0.020439 0.000329 1.000000 -0.000461 -0.009305 -0.000345 0.000461 1.000000 -0.044578
1.000000 -0.000388 0.000323 -0.018417 0.000388 1.000000 -0.000454 -0.008742 -0.000323 0.000454 1.000000 -0.043431
1.000000 -0.000339 0.000336 -0.017561 0.000340 1.000000 -0.000477 -0.009200 -0.000336 0.000477 1.000000 -0.044828
1.000000 -0.000403 0.000372 -0.018551 0.000403 1.000000 -0.000485 -0.009016 -0.000372 0.000485 1.000000 -0.045285
1.000000 -0.000354 0.000290 -0.016026 0.000354 1.000000 -0.000467 -0.009047 -0.000289 0.000467 1.000000 -0.041421
1.000000 -0.000364 0.000335 -0.018677 0.000364 1.000000 -0.000506 -0.009385 -0.000334 0.000506 1.000000 -0.044486
1.000000 -0.000338 0.000356 -0.020540 0.000338 1.000000 -0.000461 -0.009060 -0.000356 0.000461 1.000000 -0.045296
1.000000 -0.000289 0.000255 -0.016553 0.000290 1.000000 -0.000704 -0.010479 -0.000255 0.000704 1.000000 -0.065263
1.000000 -0.000328 0.000255 -0.014531 0.000328 0.999999 -0.001119 -0.010873 -0.000254 0.001119 0.999999 -0.073941
1.000000 -0.000253 0.000338 -0.013959 0.000253 0.999999 -0.001431 -0.013196 -0.000338 0.001432 0.999999 -0.070207
1.000000 -0.000449 0.000173 -0.006206 0.000449 0.999999 -0.001397 -0.013291 -0.000173 0.001397 0.999999 -0.045473
1.000000 -0.000700 0.000218 0.005783 0.000700 0.999999 -0.001361 -0.014745 -0.000217 0.001361 0.999999 -0.013816
1.000000 -0.000784 0.000049 0.015670 0.000784 0.999999 -0.001359 -0.016590 -0.000048 0.001359 0.999999 0.016665
0.999999 -0.001031 0.000105 0.018370 0.001031 0.999998 -0.001459 -0.017840 -0.000104 0.001459 0.999999 0.045931
0.999999 -0.001160 0.000127 0.017453 0.001160 0.999998 -0.001752 -0.021126 -0.000125 0.001752 0.999998 0.080432
0.999999 -0.001099 0.000169 0.003809 0.001099 0.999996 -0.002485 -0.021030 -0.000167 0.002485 0.999997 0.123038
1.000000 -0.000755 0.000297 -0.005423 0.000756 0.999991 -0.004078 -0.020169 -0.000294 0.004078 0.999992 0.184690
1.000000 -0.000116 0.000671 -0.006911 0.000121 0.999980 -0.006256 -0.019732 -0.000670 0.006257 0.999980 0.246026
0.999999 0.000277 0.001612 -0.009299 -0.000264 0.999969 -0.007876 -0.021568 -0.001614 0.007875 0.999968 0.321142
0.999996 0.000407 0.002673 -0.013162 -0.000383 0.999960 -0.008967 -0.020574 -0.002677 0.008966 0.999956 0.420377
0.999992 0.000473 0.003977 -0.018581 -0.000437 0.999959 -0.009067 -0.022057 -0.003981 0.009065 0.999951 0.529471
0.999985 0.000584 0.005454 -0.018003 -0.000535 0.999959 -0.009018 -0.021005 -0.005459 0.009015 0.999944 0.664157
0.999973 0.000612 0.007363 -0.016724 -0.000542 0.999955 -0.009463 -0.021339 -0.007368 0.009458 0.999928 0.808767
0.999956 0.000511 0.009368 -0.015774 -0.000411 0.999943 -0.010672 -0.019364 -0.009373 0.010668 0.999899 0.984751
0.999929 -0.000094 0.011877 -0.007652 0.000231 0.999933 -0.011539 -0.016975 -0.011875 0.011540 0.999863 1.176940
0.999895 -0.000680 0.014478 -0.003067 0.000861 0.999922 -0.012454 -0.021993 -0.014468 0.012465 0.999818 1.390072
0.999851 -0.000644 0.017237 -0.000557 0.000880 0.999906 -0.013701 -0.021243 -0.017227 0.013714 0.999758 1.613184
0.999790 -0.000106 0.020479 0.000991 0.000421 0.999882 -0.015349 -0.023752 -0.020475 0.015355 0.999672 1.864067
0.999717 0.000331 0.023794 0.003792 0.000060 0.999865 -0.016446 -0.016705 -0.023796 0.016442 0.999582 2.145892
0.999628 0.000041 0.027276 0.016534 0.000418 0.999858 -0.016820 -0.017753 -0.027273 0.016825 0.999486 2.456587
0.999524 -0.000569 0.030853 0.024278 0.001086 0.999859 -0.016753 -0.017562 -0.030839 0.016779 0.999384 2.796474
0.999408 -0.000906 0.034405 0.039364 0.001437 0.999880 -0.015415 -0.028308 -0.034387 0.015456 0.999289 3.157242
0.999296 -0.000532 0.037515 0.049963 0.001052 0.999904 -0.013831 -0.029833 -0.037504 0.013861 0.999200 3.551293
0.999198 -0.001091 0.040022 0.064559 0.001605 0.999917 -0.012814 -0.028298 -0.040004 0.012868 0.999117 3.955654
0.999122 -0.003405 0.041755 0.085190 0.003862 0.999933 -0.010872 -0.026083 -0.041715 0.011024 0.999069 4.390260
0.999088 -0.005093 0.042391 0.108871 0.005480 0.999944 -0.009018 -0.037563 -0.042343 0.009242 0.999060 4.829588
0.999102 -0.006142 0.041921 0.128764 0.006491 0.999945 -0.008181 -0.040401 -0.041868 0.008446 0.999087 5.280211
0.999165 -0.006288 0.040375 0.145955 0.006590 0.999951 -0.007372 -0.044551 -0.040326 0.007632 0.999157 5.746641
0.999261 -0.007007 0.037787 0.168622 0.007272 0.999950 -0.006889 -0.040659 -0.037737 0.007158 0.999262 6.216527
0.999398 -0.008189 0.033715 0.187961 0.008425 0.999941 -0.006855 -0.046716 -0.033657 0.007135 0.999408 6.704001
0.999558 -0.009539 0.028143 0.199556 0.009740 0.999928 -0.007020 -0.045386 -0.028074 0.007291 0.999579 7.189423
0.999724 -0.011389 0.020547 0.222301 0.011532 0.999910 -0.006856 -0.045013 -0.020467 0.007091 0.999765 7.711102
0.999857 -0.013506 0.010126 0.231289 0.013582 0.999880 -0.007490 -0.045852 -0.010024 0.007626 0.999921 8.226664
0.999860 -0.016395 -0.003239 0.239132 0.016366 0.999826 -0.008921 -0.040029 0.003385 0.008867 0.999955 8.763490
0.999635 -0.019340 -0.018852 0.240993 0.019168 0.999774 -0.009242 -0.050582 0.019027 0.008877 0.999780 9.317047
0.999083 -0.020632 -0.037508 0.231332 0.020321 0.999756 -0.008631 -0.056052 0.037677 0.007861 0.999259 9.887194
0.998070 -0.021177 -0.058379 0.202777 0.020759 0.999754 -0.007761 -0.064736 0.058529 0.006534 0.998264 10.460960
0.996378 -0.021912 -0.082158 0.154556 0.021355 0.999743 -0.007655 -0.062552 0.082305 0.005873 0.996590 11.047850
0.993824 -0.024265 -0.108279 0.100195 0.023646 0.999696 -0.007001 -0.062047 0.108416 0.004397 0.994096 11.651984
0.990225 -0.024091 -0.137382 0.008314 0.023585 0.999708 -0.005317 -0.078010 0.137470 0.002025 0.990504 12.264482
0.985405 -0.024743 -0.168416 -0.091464 0.024252 0.999694 -0.004970 -0.077332 0.168488 0.000813 0.985703 12.883400
0.979163 -0.024098 -0.201639 -0.222896 0.023652 0.999710 -0.004621 -0.087302 0.201692 -0.000244 0.979449 13.511101
0.971469 -0.022719 -0.236077 -0.381310 0.022487 0.999740 -0.003676 -0.092445 0.236100 -0.001737 0.971727 14.135752
0.962421 -0.019560 -0.270856 -0.562507 0.019421 0.999806 -0.003194 -0.099661 0.270866 -0.002187 0.962615 14.762202
0.951868 -0.018842 -0.305930 -0.770446 0.018275 0.999822 -0.004717 -0.083198 0.305964 -0.001101 0.952042 15.382280
0.939412 -0.019756 -0.342220 -0.987879 0.018770 0.999805 -0.006194 -0.095232 0.342276 -0.000605 0.939599 16.002758
0.925153 -0.019986 -0.379068 -1.244135 0.018378 0.999800 -0.007859 -0.098476 0.379149 0.000304 0.925336 16.617203
0.908962 -0.018758 -0.416458 -1.531895 0.016064 0.999821 -0.009973 -0.106238 0.416570 0.002376 0.909100 17.223763
0.890848 -0.020086 -0.453857 -1.827306 0.017095 0.999797 -0.010692 -0.086186 0.453979 0.001767 0.891010 17.839367
0.871127 -0.022710 -0.490532 -2.160554 0.020740 0.999740 -0.009453 -0.100518 0.490619 -0.001939 0.871372 18.452425
0.849697 -0.022247 -0.526802 -2.517321 0.021480 0.999741 -0.007574 -0.114593 0.526834 -0.004880 0.849954 19.047935
0.826713 -0.023509 -0.562133 -2.909966 0.023919 0.999692 -0.006631 -0.123140 0.562116 -0.007964 0.827020 19.645226
0.801530 -0.023952 -0.597475 -3.329680 0.024792 0.999669 -0.006815 -0.134068 0.597440 -0.009350 0.801859 20.218098
0.774774 -0.023791 -0.631791 -3.777394 0.025062 0.999662 -0.006909 -0.149778 0.631742 -0.010481 0.775108 20.769655
0.746867 -0.022530 -0.664592 -4.255605 0.023514 0.999696 -0.007465 -0.148365 0.664558 -0.010052 0.747169 21.300720
0.717420 -0.021244 -0.696317 -4.758454 0.023144 0.999710 -0.006654 -0.161986 0.696256 -0.011342 0.717704 21.829773
0.686793 -0.019193 -0.726599 -5.296132 0.021362 0.999752 -0.006216 -0.159296 0.726539 -0.011253 0.687033 22.333860
0.655403 -0.017000 -0.755088 -5.853221 0.020090 0.999785 -0.005071 -0.170944 0.755012 -0.011846 0.655604 22.817289
0.622617 -0.015041 -0.782382 -6.457915 0.018962 0.999812 -0.004131 -0.167551 0.782297 -0.012263 0.622785 23.292501
0.588640 -0.015143 -0.808253 -7.068762 0.019032 0.999807 -0.004871 -0.169618 0.808171 -0.012515 0.588815 23.743696
0.554228 -0.018234 -0.832165 -7.695976 0.022091 0.999730 -0.007192 -0.162695 0.832072 -0.014397 0.554481 24.188475
0.519215 -0.020345 -0.854401 -8.368590 0.021058 0.999718 -0.011008 -0.196412 0.854384 -0.012276 0.519497 24.607254
0.484618 -0.022339 -0.874440 -9.047733 0.017384 0.999722 -0.015906 -0.181924 0.874553 -0.007493 0.484872 24.979687
0.450148 -0.026539 -0.892560 -9.766105 0.019398 0.999613 -0.019939 -0.182540 0.892743 -0.008338 0.450488 25.360926
0.415577 -0.026496 -0.909172 -10.500492 0.017612 0.999623 -0.021081 -0.204848 0.909388 -0.007251 0.415887 25.706461
0.383154 -0.026393 -0.923307 -11.269855 0.018177 0.999614 -0.021032 -0.214171 0.923505 -0.008725 0.383486 26.045027
0.350784 -0.027715 -0.936046 -12.061211 0.018120 0.999576 -0.022805 -0.230706 0.936281 -0.008961 0.351137 26.360662
0.319721 -0.030103 -0.947033 -12.863897 0.017378 0.999513 -0.025904 -0.254218 0.947352 -0.008176 0.320089 26.642038
0.289360 -0.033470 -0.956635 -13.674336 0.017782 0.999404 -0.029587 -0.276519 0.957055 -0.008449 0.289783 26.888939
0.261563 -0.033403 -0.964608 -14.502401 0.013832 0.999428 -0.030858 -0.309749 0.965087 -0.005271 0.261876 27.103849
0.237103 -0.033268 -0.970915 -15.341289 0.010809 0.999442 -0.031606 -0.336196 0.971424 -0.003001 0.237331 27.306808
0.215972 -0.032850 -0.975847 -16.181282 0.006634 0.999460 -0.032177 -0.362498 0.976377 0.000475 0.216074 27.487175
0.199528 -0.032160 -0.979364 -17.030413 0.002767 0.999476 -0.032257 -0.393412 0.979888 0.003727 0.199513 27.641350
0.186214 -0.031128 -0.982016 -17.900724 -0.000667 0.999494 -0.031808 -0.417859 0.982509 0.006578 0.186099 27.798262
0.175518 -0.030596 -0.984001 -18.768452 -0.003541 0.999491 -0.031709 -0.441323 0.984470 0.009050 0.175320 27.936703
0.168317 -0.030925 -0.985248 -19.656870 -0.005825 0.999459 -0.032366 -0.465328 0.985716 0.011187 0.168046 28.077679
0.164321 -0.031726 -0.985897 -20.524696 -0.006914 0.999421 -0.033314 -0.493883 0.986383 0.012290 0.164007 28.223068
0.162931 -0.033270 -0.986076 -21.407965 -0.008863 0.999342 -0.035182 -0.531717 0.986598 0.014472 0.162529 28.356886
0.162698 -0.033040 -0.986122 -22.313007 -0.011270 0.999312 -0.035341 -0.554085 0.986611 0.016863 0.162214 28.485861
0.163345 -0.030639 -0.986093 -23.231256 -0.012296 0.999377 -0.033088 -0.582439 0.986492 0.017529 0.162867 28.624712
0.164345 -0.027696 -0.986014 -24.149158 -0.010809 0.999495 -0.029877 -0.599449 0.986344 0.015568 0.163962 28.792717
0.165687 -0.026996 -0.985809 -25.064718 -0.008390 0.999551 -0.028782 -0.628958 0.986143 0.013039 0.165386 28.952978
0.166776 -0.027338 -0.985616 -25.991915 -0.005529 0.999574 -0.028660 -0.655134 0.985979 0.010229 0.166554 29.127031
0.168024 -0.026512 -0.985426 -26.921320 -0.004008 0.999612 -0.027577 -0.686459 0.985775 0.008583 0.167853 29.284653
0.169230 -0.024367 -0.985275 -27.855869 -0.002972 0.999677 -0.025234 -0.711847 0.985572 0.007198 0.169103 29.437456
0.170049 -0.020126 -0.985230 -28.811495 -0.003157 0.999775 -0.020968 -0.756899 0.985431 0.006676 0.169947 29.600470
0.171118 -0.011738 -0.985181 -29.766598 -0.004982 0.999906 -0.012779 -0.750738 0.985238 0.007095 0.171043 29.742004
0.172248 -0.005077 -0.985040 -30.733198 -0.000599 0.999986 -0.005259 -0.762114 0.985053 0.001496 0.172243 29.926260
0.172855 -0.006452 -0.984926 -31.672129 0.001503 0.999979 -0.006287 -0.796542 0.984946 -0.000394 0.172861 30.092407
