1.000000 0.000000 0.000000 0.000000 0.000000 1.000000 0.000000 0.000000 0.000000 0.000000 1.000000 0.000000
1.000000 0.000110 -0.000067 0.006011 -0.000110 1.000000 -0.000010 0.000922 0.000067 0.000010 1.000000 0.007164
1.000000 0.000032 -0.000150 0.011842 -0.000032 1.000000 -0.000014 0.000102 0.000150 0.000014 1.000000 0.013855
1.000000 0.000125 -0.000344 0.021274 -0.000125 1.000000 -0.000112 0.002428 0.000344 0.000112 1.000000 0.028738
1.000000 0.000137 -0.000403 0.023932 -0.000137 1.000000 -0.000119 0.003278 0.000403 0.000119 1.000000 0.036142
1.000000 -0.000179 -0.000369 0.025789 0.000178 1.000000 -0.000169 0.004251 0.000369 0.000169 1.000000 0.041771
1.000000 -0.000047 -0.000347 0.025990 0.000047 1.000000 -0.000072 0.004205 0.000347 0.000071 1.000000 0.043031
1.000000 -0.000229 -0.000318 0.026863 0.000229 1.000000 -0.000208 0.005907 0.000318 0.000208 1.000000 0.041217
1.000000 0.000009 -0.000344 0.026342 -0.000009 1.000000 -0.000158 0.005372 0.000344 0.000158 1.000000 0.043571
1.000000 -0.000128 -0.000367 0.028067 0.000128 1.000000 -0.000157 0.005288 0.000367 0.000157 1.000000 0.038712
1.000000 -0.000068 -0.000325 0.026164 0.000068 1.000000 -0.000208 0.005168 0.000325 0.000208 1.000000 0.042787
1.000000 0.000064 -0.000336 0.026510 -0.000064 1.000000 -0.000101 0.005782 0.000336 0.000101 1.000000 0.040138
1.000000 0.000020 -0.000275 0.024986 -0.000020 1.000000 -0.000197 0.005680 0.000275 0.000197 1.000000 0.041890
1.000000 -0.000011 -0.000354 0.026781 0.000011 1.000000 -0.000139 0.006126 0.000354 0.000139 1.000000 0.042998
1.000000 -0.000034 -0.000300 0.025786 0.000034 1.000000 -0.000140 0.006488 0.000300 0.000140 1.000000 0.042156
1.000000 0.000011 -0.000225 0.023850 -0.000011 1.000000 -0.000150 0.005871 0.000225 0.000150 1.000000 0.045106
1.000000 0.000002 -0.000217 0.022387 -0.000002 1.000000 -0.000114 0.006351 0.000217 0.000114 1.000000 0.045386
1.000000 -0.000061 -0.000252 0.023325 0.000061 1.000000 -0.000195 0.006903 0.000252 0.000195 1.000000 0.043516
1.000000 0.000051 -0.000200 0.022576 -0.000051 1.000000 -0.000175 0.007331 0.000200 0.000175 1.000000 0.045467
1.000000 0.000119 -0.000158 0.021626 -0.000119 1.000000 -0.000115 0.006377 0.000158 0.000115 1.000000 0.045271
1.000000 0.000038 -0.000153 0.021855 -0.000038 1.000000 -0.000142 0.007009 0.000153 0.000142 1.000000 0.044443
1.000000 -0.000039 -0.000160 0.021859 0.000039 1.000000 -0.000074 0.006643 0.000160 0.000074 1.000000 0.044307
1.000000 0.000028 -0.000099 0.021722 -0.000028 1.000000 -0.000119 0.006235 0.000099 0.000119 1.000000 0.041340
1.000000 -0.000059 -0.000090 0.022661 0.000059 1.000000 -0.000055 0.005867 0.000090 0.000055 1.000000 0.039833
1.000000 -0.000032 -0.000010 0.022233 0.000032 1.000000 0.000021 0.005384 0.000010 -0.000021 1.000000 0.037336
1.000000 -0.000045 0.000008 0.023401 0.000045 1.000000 -0.000067 0.005073 -0.000008 0.000067 1.000000 0.035182
1.000000 -0.000014 0.000109 0.021862 0.000014 1.000000 0.000095 0.003752 -0.000109 -0.000095 1.000000 0.032377
1.000000 -0.000050 0.000135 0.023400 0.000050 1.000000 -0.000032 0.003790 -0.000135 0.000032 1.000000 0.028126
1.000000 -0.000037 0.000245 0.021777 0.000037 1.000000 0.000043 0.004277 -0.000245 -0.000043 1.000000 0.025765
1.000000 -0.000015 0.000321 0.020808 0.000015 1.000000 0.000011 0.004674 -0.000321 -0.000011 1.000000 0.026266
1.000000 -0.000059 0.000451 0.018755 0.000059 1.000000 -0.000060 0.003922 -0.000451 0.000060 1.000000 0.022205
1.000000 -0.000060 0.000402 0.020329 0.000060 1.000000 0.000065 0.002886 -0.000402 -0.000065 1.000000 0.020247
1.000000 -0.000038 0.000445 0.019359 0.000038 1.000000 -0.000029 0.003827 -0.000445 0.000029 1.000000 0.020479
1.000000 -0.000153 0.000546 0.017808 0.000153 1.000000 0.000080 0.002263 -0.000546 -0.000080 1.000000 0.019715
1.000000 -0.000015 0.000518 0.017887 0.000015 1.000000 -0.000027 0.003803 -0.000518 0.000027 1.000000 0.018890
1.000000 -0.000081 0.000606 0.018526 0.000081 1.000000 -0.000012 0.002897 -0.000606 0.000012 1.000000 0.015688
1.000000 -0.000009 0.000621 0.017671 0.000009 1.000000 0.000105 0.001773 -0.000621 -0.000105 1.000000 0.015120
1.000000 -0.000060 0.000674 0.016984 0.000060 1.000000 0.000053 0.002101 -0.000674 -0.000053 1.000000 0.013775
1.000000 -0.000041 0.000700 0.018453 0.000041 1.000000 0.000073 0.001503 -0.000700 -0.000073 1.000000 0.011149
1.000000 0.000016 0.000740 0.018790 -0.000016 1.000000 0.000042 0.002284 -0.000740 -0.000042 1.000000 0.007523
1.000000 0.000069 0.000748 0.021352 -0.000069 1.000000 0.000000 0.001778 -0.000748 -0.000001 1.000000 0.000916
1.000000 0.000005 0.000615 0.030956 -0.000005 1.000000 0.000104 0.000771 -0.000615 -0.000104 1.000000 -0.015339
1.000000 -0.000049 0.000365 0.054373 0.000049 1.000000 0.000045 0.000520 -0.000365 -0.000045 1.000000 -0.055670
1.000000 -0.000176 0.000052 0.081394 0.000176 1.000000 0.000157 -0.002410 -0.000053 -0.000157 1.000000 -0.101381
1.000000 -0.000209 -0.000274 0.109757 0.000209 1.000000 0.000151 -0.002981 0.000274 -0.000151 1.000000 -0.143599
1.000000 -0.000289 -0.000393 0.126268 0.000289 1.000000 0.000129 -0.003027 0.000393 -0.000129 1.000000 -0.168542
1.000000 -0.000427 -0.000734 0.151807 0.000427 1.000000 0.000152 -0.001539 0.000733 -0.000152 1.000000 -0.200548
0.999999 -0.000467 -0.000966 0.172796 0.000467 1.000000 0.000175 -0.003019 0.000966 -0.000175 1.000000 -0.229322
0.999999 -0.000809 -0.001184 0.195065 0.000810 1.000000 0.000233 -0.003998 0.001184 -0.000234 0.999999 -0.260205
0.999999 -0.000827 -0.001494 0.221181 0.000827 1.000000 0.000362 -0.005877 0.001494 -0.000364 0.999999 -0.295363
0.999998 -0.000891 -0.001654 0.238414 0.000892 1.000000 0.000396 -0.007275 0.001654 -0.000398 0.999999 -0.317785
0.999998 -0.001004 -0.001748 0.254376 0.001005 0.999999 0.000449 -0.006880 0.001747 -0.000451 0.999998 -0.339088
0.999998 -0.000964 -0.001938 0.274839 0.000965 0.999999 0.000475 -0.007995 0.001937 -0.000477 0.999998 -0.367729
0.999997 -0.001147 -0.002110 0.294125 0.001148 0.999999 0.000475 -0.007800 0.002109 -0.000477 0.999998 -0.391398
0.999997 -0.001261 -0.002209 0.309091 0.001263 0.999999 0.000591 -0.008360 0.002208 -0.000593 0.999997 -0.411516
0.999996 -0.001444 -0.002285 0.324421 0.001445 0.999999 0.000553 -0.008514 0.002284 -0.000557 0.999997 -0.428705
0.999996 -0.001247 -0.002440 0.340886 0.001249 0.999999 0.000650 -0.008918 0.002439 -0.000653 0.999997 -0.451178
0.999996 -0.001400 -0.002552 0.353695 0.001402 0.999999 0.000689 -0.009428 0.002551 -0.000692 0.999996 -0.468241
0.999995 -0.001584 -0.002665 0.367484 0.001586 0.999999 0.000678 -0.009290 0.002664 -0.000683 0.999996 -0.484748
0.999995 -0.001546 -0.002787 0.383867 0.001549 0.999998 0.000886 -0.011082 0.002786 -0.000890 0.999996 -0.507142
0.999995 -0.001717 -0.002799 0.399078 0.001720 0.999998 0.000892 -0.013464 0.002798 -0.000896 0.999996 -0.536355
0.999994 -0.001714 -0.002886 0.415573 0.001717 0.999998 0.000984 -0.013910 0.002884 -0.000989 0.999995 -0.561079
0.999994 -0.001807 -0.002868 0.429606 0.001810 0.999998 0.001074 -0.015217 0.002866 -0.001079 0.999995 -0.586042
0.999993 -0.002096 -0.003020 0.452054 0.002100 0.999997 0.001177 -0.016519 0.003018 -0.001183 0.999995 -0.622423
0.999992 -0.002146 -0.003237 0.475457 0.002150 0.999997 0.001201 -0.016483 0.003235 -0.001208 0.999994 -0.658130
0.999991 -0.002374 -0.003528 0.506422 0.002378 0.999996 0.001150 -0.015860 0.003525 -0.001159 0.999993 -0.700993
0.999990 -0.002281 -0.003750 0.529996 0.002285 0.999997 0.001218 -0.014880 0.003748 -0.001227 0.999992 -0.733316
0.999988 -0.002651 -0.003992 0.555890 0.002656 0.999996 0.001257 -0.014609 0.003988 -0.001268 0.999991 -0.761517
0.999988 -0.002625 -0.004246 0.579007 0.002630 0.999996 0.001236 -0.012094 0.004243 -0.001247 0.999990 -0.788612
0.999986 -0.002695 -0.004567 0.602140 0.002701 0.999996 0.001285 -0.009762 0.004564 -0.001297 0.999989 -0.812257
0.999985 -0.002802 -0.004734 0.623862 0.002808 0.999995 0.001251 -0.010696 0.004730 -0.001264 0.999988 -0.838981
0.999984 -0.002835 -0.004831 0.639941 0.002842 0.999995 0.001395 -0.012772 0.004827 -0.001409 0.999987 -0.864004
0.999983 -0.003107 -0.004995 0.659275 0.003115 0.999994 0.001458 -0.013356 0.004990 -0.001473 0.999986 -0.890266
0.999982 -0.003101 -0.005096 0.682767 0.003108 0.999994 0.001486 -0.014377 0.005091 -0.001502 0.999986 -0.928292
0.999981 -0.003325 -0.005221 0.709082 0.003334 0.999993 0.001633 -0.016159 0.005215 -0.001650 0.999985 -0.971255
0.999980 -0.003676 -0.005143 0.741803 0.003686 0.999991 0.001917 -0.025279 0.005136 -0.001936 0.999985 -1.047934
0.999980 -0.004048 -0.004912 0.786941 0.004060 0.999989 0.002338 -0.035867 0.004902 -0.002358 0.999985 -1.168445
0.999979 -0.004661 -0.004555 0.847162 0.004675 0.999985 0.002922 -0.053512 0.004542 -0.002943 0.999985 -1.338190
0.999976 -0.005225 -0.004600 0.904645 0.005241 0.999981 0.003357 -0.064581 0.004583 -0.003381 0.999984 -1.471183
0.999975 -0.005584 -0.004239 0.966732 0.005601 0.999976 0.004001 -0.083481 0.004216 -0.004025 0.999983 -1.647791
0.999973 -0.006357 -0.003752 1.032604 0.006374 0.999969 0.004673 -0.105459 0.003722 -0.004697 0.999982 -1.840949
0.999970 -0.007012 -0.003252 1.096794 0.007030 0.999960 0.005448 -0.128383 0.003213 -0.005470 0.999980 -2.038567
0.999968 -0.007455 -0.002835 1.141024 0.007472 0.999955 0.005896 -0.143964 0.002791 -0.005917 0.999979 -2.168610
0.999965 -0.008000 -0.002423 1.189043 0.008016 0.999947 0.006504 -0.161742 0.002371 -0.006523 0.999976 -2.301323
0.999961 -0.008607 -0.002195 1.227670 0.008622 0.999938 0.007020 -0.175653 0.002134 -0.007039 0.999973 -2.403751
0.999958 -0.009037 -0.001799 1.263094 0.009050 0.999931 0.007495 -0.191080 0.001731 -0.007511 0.999970 -2.504596
0.999955 -0.009325 -0.001608 1.302154 0.009337 0.999925 0.007882 -0.200888 0.001535 -0.007897 0.999968 -2.594649
0.999951 -0.009746 -0.001654 1.338540 0.009759 0.999919 0.008147 -0.209618 0.001574 -0.008163 0.999965 -2.670341
0.999949 -0.010000 -0.001592 1.375251 0.010013 0.999914 0.008529 -0.218974 0.001507 -0.008545 0.999962 -2.750600
0.999946 -0.010287 -0.001510 1.406030 0.010300 0.999908 0.008859 -0.227133 0.001419 -0.008874 0.999960 -2.817136
0.999941 -0.010797 -0.001356 1.438940 0.010809 0.999899 0.009217 -0.236548 0.001256 -0.009231 0.999957 -2.890472
0.999940 -0.010891 -0.001315 1.468998 0.010903 0.999895 0.009545 -0.246650 0.001211 -0.009559 0.999954 -2.960789
0.999931 -0.011703 -0.000702 1.509940 0.011710 0.999876 0.010539 -0.268007 0.000578 -0.010546 0.999944 -3.092226
0.999923 -0.012403 -0.000440 1.563241 0.012407 0.999862 0.011071 -0.285745 0.000302 -0.011075 0.999939 -3.236280
0.999919 -0.012745 -0.000348 1.611876 0.012748 0.999852 0.011522 -0.296055 0.000201 -0.011526 0.999934 -3.344550
0.999915 -0.013067 -0.000443 1.650646 0.013071 0.999847 0.011623 -0.299975 0.000291 -0.011628 0.999932 -3.411430
0.999911 -0.013318 -0.000451 1.680568 0.013323 0.999841 0.011892 -0.303678 0.000293 -0.011897 0.999929 -3.465621
0.999908 -0.013530 -0.000608 1.709179 0.013537 0.999836 0.012044 -0.306671 0.000445 -0.012051 0.999927 -3.506032
0.999906 -0.013684 -0.000844 1.740526 0.013694 0.999832 0.012182 -0.309637 0.000677 -0.012192 0.999925 -3.546764
0.999905 -0.013758 -0.000982 1.766745 0.013769 0.999830 0.012289 -0.310989 0.000813 -0.012301 0.999924 -3.585649
0.999900 -0.014086 -0.001075 1.785886 0.014098 0.999824 0.012372 -0.312798 0.000901 -0.012386 0.999923 -3.613156
0.999899 -0.014145 -0.001121 1.807079 0.014158 0.999822 0.012507 -0.314442 0.000943 -0.012521 0.999921 -3.645872
0.999894 -0.014448 -0.001506 1.852294 0.014466 0.999815 0.012706 -0.317810 0.001322 -0.012727 0.999918 -3.714216
0.999893 -0.014557 -0.001749 1.895311 0.014578 0.999811 0.012858 -0.322458 0.001562 -0.012882 0.999916 -3.782212
0.999888 -0.014834 -0.002052 1.939736 0.014859 0.999804 0.013084 -0.325895 0.001858 -0.013113 0.999912 -3.853512
0.999884 -0.015083 -0.002275 1.972419 0.015112 0.999799 0.013137 -0.324841 0.002076 -0.013170 0.999911 -3.893944
0.999880 -0.015274 -0.002407 2.002201 0.015305 0.999794 0.013299 -0.326518 0.002204 -0.013335 0.999909 -3.938902
0.999878 -0.015405 -0.002482 2.027386 0.015437 0.999792 0.013356 -0.326793 0.002276 -0.013392 0.999908 -3.978465
0.999873 -0.015741 -0.002556 2.054150 0.015774 0.999785 0.013464 -0.329203 0.002344 -0.013503 0.999906 -4.020619
0.999873 -0.015728 -0.002661 2.076582 0.015763 0.999784 0.013579 -0.329249 0.002447 -0.013619 0.999904 -4.052497
0.999871 -0.015842 -0.002664 2.095246 0.015877 0.999779 0.013763 -0.333090 0.002446 -0.013803 0.999902 -4.079467
0.999870 -0.015905 -0.002655 2.119427 0.015941 0.999777 0.013838 -0.333982 0.002434 -0.013879 0.999901 -4.118302
0.999867 -0.016082 -0.002668 2.138451 0.016118 0.999774 0.013843 -0.333902 0.002445 -0.013884 0.999901 -4.145457
0.999864 -0.016293 -0.002699 2.156504 0.016329 0.999769 0.013967 -0.335898 0.002471 -0.014010 0.999899 -4.168629
0.999865 -0.016184 -0.002699 2.172080 0.016220 0.999770 0.014012 -0.335478 0.002471 -0.014054 0.999898 -4.190286
0.999861 -0.016443 -0.002714 2.185854 0.016479 0.999766 0.014011 -0.335720 0.002483 -0.014054 0.999898 -4.205971
0.999861 -0.016474 -0.002651 2.196449 0.016509 0.999764 0.014096 -0.334643 0.002418 -0.014137 0.999897 -4.218799
0.999859 -0.016597 -0.002632 2.207007 0.016633 0.999762 0.014148 -0.336198 0.002397 -0.014190 0.999896 -4.233429
0.999859 -0.016570 -0.002577 2.216658 0.016605 0.999761 0.014235 -0.337899 0.002341 -0.014276 0.999895 -4.245749
0.999858 -0.016634 -0.002601 2.227441 0.016669 0.999759 0.014319 -0.338029 0.002362 -0.014360 0.999894 -4.257972
0.999857 -0.016697 -0.002513 2.236199 0.016731 0.999758 0.014269 -0.337000 0.002274 -0.014309 0.999895 -4.267753
0.999857 -0.016725 -0.002401 2.242327 0.016757 0.999756 0.014382 -0.338632 0.002160 -0.014420 0.999894 -4.281584
0.999858 -0.016716 -0.002333 2.248699 0.016748 0.999756 0.014407 -0.339305 0.002092 -0.014444 0.999893 -4.289259
0.999855 -0.016873 -0.002247 2.254446 0.016903 0.999753 0.014417 -0.339837 0.002003 -0.014453 0.999894 -4.297824
0.999855 -0.016877 -0.002096 2.258343 0.016905 0.999751 0.014588 -0.341822 0.001850 -0.014622 0.999891 -4.307278
0.999856 -0.016840 -0.001929 2.264538 0.016866 0.999752 0.014532 -0.342032 0.001684 -0.014562 0.999893 -4.320746
0.999853 -0.017025 -0.001870 2.273685 0.017051 0.999747 0.014686 -0.345137 0.001619 -0.014716 0.999890 -4.343214
0.999852 -0.017096 -0.001800 2.282833 0.017121 0.999744 0.014815 -0.348561 0.001546 -0.014843 0.999889 -4.363578
0.999850 -0.017248 -0.001695 2.291585 0.017271 0.999740 0.014903 -0.351746 0.001437 -0.014930 0.999888 -4.386719
0.999848 -0.017349 -0.001553 2.315028 0.017370 0.999733 0.015216 -0.361980 0.001289 -0.015241 0.999883 -4.456293
0.999841 -0.017752 -0.001402 2.344695 0.017772 0.999720 0.015643 -0.376242 0.001124 -0.015665 0.999877 -4.544237
0.999839 -0.017876 -0.001232 2.369510 0.017893 0.999714 0.015839 -0.385755 0.000948 -0.015859 0.999874 -4.619550
0.999840 -0.017856 -0.001081 2.382542 0.017871 0.999713 0.015983 -0.391495 0.000795 -0.016000 0.999872 -4.660339
0.999839 -0.017915 -0.000945 2.401090 0.017928 0.999708 0.016224 -0.398662 0.000654 -0.016238 0.999868 -4.707725
0.999837 -0.018016 -0.000775 2.415774 0.018027 0.999704 0.016364 -0.404779 0.000480 -0.016375 0.999866 -4.747777
0.999835 -0.018179 -0.000697 2.430888 0.018188 0.999698 0.016540 -0.410732 0.000397 -0.016550 0.999863 -4.782970
0.999832 -0.018322 -0.000700 2.445400 0.018331 0.999692 0.016733 -0.413714 0.000393 -0.016743 0.999860 -4.807659
0.999828 -0.018550 -0.000603 2.454643 0.018557 0.999686 0.016839 -0.416744 0.000291 -0.016847 0.999858 -4.825523
0.999827 -0.018613 -0.000474 2.462627 0.018618 0.999683 0.016946 -0.418817 0.000158 -0.016952 0.999856 -4.841145
0.999827 -0.018589 -0.000436 2.470489 0.018594 0.999682 0.017017 -0.421389 0.000120 -0.017022 0.999855 -4.856694
0.999824 -0.018743 -0.000255 2.474811 0.018745 0.999679 0.017025 -0.422065 -0.000065 -0.017027 0.999855 -4.867427
0.999827 -0.018622 -0.000235 2.481244 0.018623 0.999678 0.017240 -0.425856 -0.000086 -0.017241 0.999851 -4.880274
0.999823 -0.018811 -0.000254 2.489173 0.018813 0.999674 0.017284 -0.426453 -0.000071 -0.017285 0.999851 -4.889091
0.999822 -0.018891 -0.000213 2.495317 0.018892 0.999670 0.017388 -0.429308 -0.000115 -0.017389 0.999849 -4.898998
0.999820 -0.018991 -0.000086 2.500375 0.018990 0.999667 0.017473 -0.430662 -0.000246 -0.017471 0.999847 -4.911646
0.999820 -0.018995 -0.000069 2.506209 0.018993 0.999665 0.017595 -0.432722 -0.000265 -0.017593 0.999845 -4.922441
0.999819 -0.019041 0.000053 2.511256 0.019037 0.999664 0.017598 -0.433583 -0.000388 -0.017594 0.999845 -4.931900
0.999818 -0.019061 0.000055 2.517064 0.019057 0.999662 0.017699 -0.436597 -0.000392 -0.017694 0.999843 -4.943614
0.999820 -0.018949 0.000162 2.519815 0.018944 0.999662 0.017783 -0.437885 -0.000499 -0.017776 0.999842 -4.951081
0.999819 -0.019046 0.000360 2.520509 0.019037 0.999656 0.018043 -0.440657 -0.000704 -0.018033 0.999837 -4.958550
0.999811 -0.019416 0.000609 2.522183 0.019402 0.999651 0.017929 -0.441228 -0.000956 -0.017914 0.999839 -4.968005
0.999812 -0.019368 0.000823 2.522986 0.019350 0.999651 0.017985 -0.441379 -0.001171 -0.017966 0.999838 -4.975811
0.999816 -0.019146 0.000967 2.524553 0.019126 0.999652 0.018154 -0.444133 -0.001314 -0.018133 0.999835 -4.984153
0.999814 -0.019254 0.001131 2.525665 0.019230 0.999649 0.018213 -0.448115 -0.001482 -0.018188 0.999833 -4.990456
0.999812 -0.019362 0.001328 2.527176 0.019334 0.999647 0.018245 -0.449044 -0.001681 -0.018216 0.999833 -5.001234
0.999812 -0.019349 0.001529 2.526329 0.019318 0.999645 0.018340 -0.450541 -0.001883 -0.018307 0.999831 -5.007563
0.999811 -0.019340 0.001719 2.525996 0.019305 0.999645 0.018341 -0.450954 -0.002073 -0.018305 0.999830 -5.014452
0.999810 -0.019415 0.001868 2.526854 0.019377 0.999643 0.018393 -0.453131 -0.002224 -0.018353 0.999829 -5.020265
0.999808 -0.019485 0.002006 2.528384 0.019445 0.999640 0.018514 -0.455902 -0.002366 -0.018471 0.999827 -5.029486
0.999809 -0.019423 0.002167 2.528751 0.019379 0.999640 0.018540 -0.457184 -0.002526 -0.018495 0.999826 -5.038572
0.999808 -0.019453 0.002332 2.528148 0.019406 0.999640 0.018538 -0.458102 -0.002692 -0.018490 0.999825 -5.046822
0.999809 -0.019393 0.002475 2.528920 0.019344 0.999640 0.018588 -0.460169 -0.002834 -0.018536 0.999824 -5.052915
0.999808 -0.019419 0.002624 2.527493 0.019367 0.999637 0.018704 -0.461612 -0.002986 -0.018650 0.999822 -5.056446
0.999807 -0.019429 0.002754 2.527318 0.019374 0.999637 0.018703 -0.462938 -0.003117 -0.018646 0.999821 -5.060931
0.999807 -0.019389 0.003012 2.524483 0.019329 0.999636 0.018821 -0.465715 -0.003376 -0.018760 0.999818 -5.065078
0.999807 -0.019391 0.003192 2.524034 0.019327 0.999635 0.018859 -0.465992 -0.003557 -0.018794 0.999817 -5.071023
0.999805 -0.019448 0.003336 2.523619 0.019381 0.999635 0.018839 -0.466914 -0.003701 -0.018771 0.999817 -5.076070
0.999806 -0.019376 0.003484 2.522839 0.019307 0.999635 0.018896 -0.467813 -0.003849 -0.018825 0.999815 -5.084573
0.999805 -0.019387 0.003641 2.522846 0.019315 0.999634 0.018953 -0.470570 -0.004007 -0.018879 0.999814 -5.090635
0.999805 -0.019346 0.003851 2.521495 0.019270 0.999634 0.018966 -0.471171 -0.004217 -0.018888 0.999813 -5.098858
0.999802 -0.019480 0.004034 2.520639 0.019399 0.999630 0.019075 -0.473402 -0.004404 -0.018993 0.999810 -5.102690
0.999800 -0.019573 0.004214 2.520032 0.019489 0.999628 0.019074 -0.474129 -0.004586 -0.018988 0.999809 -5.108000
0.999801 -0.019483 0.004397 2.518349 0.019395 0.999629 0.019107 -0.474203 -0.004768 -0.019018 0.999808 -5.113097
0.999803 -0.019328 0.004587 2.515910 0.019237 0.999632 0.019126 -0.477325 -0.004955 -0.019034 0.999807 -5.117102
0.999800 -0.019421 0.004690 2.515921 0.019328 0.999630 0.019117 -0.476908 -0.005060 -0.019022 0.999806 -5.123018
0.999801 -0.019327 0.004907 2.514693 0.019229 0.999631 0.019211 -0.478923 -0.005277 -0.019113 0.999803 -5.128973
0.999797 -0.019501 0.005029 2.514258 0.019401 0.999627 0.019221 -0.480119 -0.005402 -0.019119 0.999803 -5.133767
0.999801 -0.019282 0.005164 2.513269 0.019179 0.999631 0.019237 -0.480348 -0.005533 -0.019134 0.999802 -5.138260
0.999794 -0.019556 0.005396 2.510182 0.019450 0.999630 0.019034 -0.485600 -0.005767 -0.018925 0.999804 -5.138776
0.999796 -0.019418 0.005517 2.509182 0.019314 0.999646 0.018272 -0.483496 -0.005869 -0.018162 0.999818 -5.130311
0.999794 -0.019438 0.005764 2.506669 0.019332 0.999651 0.018002 -0.483506 -0.006112 -0.017887 0.999821 -5.119796
0.999789 -0.019682 0.005953 2.504068 0.019572 0.999644 0.018115 -0.483839 -0.006307 -0.017995 0.999818 -5.103530
0.999781 -0.019945 0.006328 2.498423 0.019828 0.999641 0.018020 -0.479729 -0.006686 -0.017890 0.999818 -5.069965
0.999775 -0.020174 0.006516 2.494403 0.020054 0.999636 0.018042 -0.482400 -0.006878 -0.017907 0.999816 -5.038108
0.999770 -0.020339 0.006740 2.491832 0.020215 0.999634 0.018001 -0.483817 -0.007104 -0.017861 0.999815 -5.002203
0.999759 -0.020756 0.007163 2.487597 0.020628 0.999634 0.017527 -0.482305 -0.007524 -0.017375 0.999821 -4.952469
0.999772 -0.019983 0.007466 2.484192 0.019857 0.999665 0.016586 -0.480654 -0.007795 -0.016434 0.999835 -4.899283
0.999779 -0.019484 0.007882 2.479200 0.019364 0.999700 0.014988 -0.478572 -0.008172 -0.014832 0.999857 -4.834921
0.999790 -0.018559 0.008666 2.475088 0.018448 0.999748 0.012768 -0.476219 -0.008900 -0.012605 0.999881 -4.767776
0.999788 -0.018223 0.009615 2.475595 0.018115 0.999773 0.011254 -0.477414 -0.009818 -0.011077 0.999890 -4.676633
0.999772 -0.018265 0.011067 2.473284 0.018150 0.999782 0.010362 -0.472474 -0.011254 -0.010159 0.999885 -4.558214
0.999748 -0.018437 0.012769 2.472534 0.018307 0.999780 0.010221 -0.466512 -0.012955 -0.009985 0.999866 -4.427011
0.999726 -0.018194 0.014717 2.471403 0.018045 0.999785 0.010198 -0.458680 -0.014900 -0.009930 0.999840 -4.267733
0.999696 -0.018029 0.016806 2.469734 0.017870 0.999795 0.009537 -0.451994 -0.016974 -0.009234 0.999813 -4.088726
0.999655 -0.018002 0.019137 2.471554 0.017847 0.999807 0.008230 -0.440295 -0.019282 -0.007886 0.999783 -3.883013
0.999589 -0.018491 0.021919 2.471242 0.018336 0.999805 0.007275 -0.430465 -0.022050 -0.006870 0.999733 -3.652478
0.999506 -0.019229 0.024874 2.476357 0.019077 0.999798 0.006368 -0.425585 -0.024991 -0.005890 0.999670 -3.408278
0.999424 -0.019071 0.028061 2.482610 0.018937 0.999808 0.005018 -0.413984 -0.028151 -0.004484 0.999594 -3.128164
0.999331 -0.018696 0.031424 2.488724 0.018610 0.999822 0.003001 -0.398914 -0.031475 -0.002414 0.999502 -2.828414
0.999207 -0.018148 0.035430 2.488493 0.018080 0.999834 0.002216 -0.385681 -0.035465 -0.001574 0.999370 -2.488240
0.999059 -0.018480 0.039230 2.503989 0.018428 0.999829 0.001682 -0.371086 -0.039254 -0.000957 0.999229 -2.127323
0.998891 -0.019140 0.043024 2.524665 0.019083 0.999816 0.001752 -0.356967 -0.043049 -0.000929 0.999072 -1.744064
0.998710 -0.019957 0.046699 2.546701 0.019845 0.999799 0.002866 -0.338348 -0.046746 -0.001935 0.998905 -1.330028
0.998560 -0.019607 0.049926 2.563888 0.019410 0.999802 0.004427 -0.330776 -0.050003 -0.003452 0.998743 -0.908111
0.998399 -0.020191 0.052833 2.580783 0.019941 0.999787 0.005248 -0.315097 -0.052928 -0.004186 0.998590 -0.454254
0.998227 -0.022677 0.055036 2.596415 0.022307 0.999724 0.007315 -0.299716 -0.055187 -0.006075 0.998458 0.038592
0.998132 -0.024246 0.056073 2.615299 0.023808 0.999681 0.008458 -0.277934 -0.056260 -0.007108 0.998391 0.533993
0.998113 -0.024908 0.056117 2.633962 0.024441 0.999661 0.009007 -0.259670 -0.056322 -0.007618 0.998384 1.039006
0.998179 -0.024589 0.055091 2.642750 0.024090 0.999663 0.009707 -0.238595 -0.055311 -0.008362 0.998434 1.563007
0.998272 -0.025557 0.052907 2.661347 0.025062 0.999636 0.010002 -0.218348 -0.053143 -0.008659 0.998549 2.096215
0.998426 -0.026839 0.049245 2.673047 0.026403 0.999606 0.009473 -0.196400 -0.049480 -0.008158 0.998742 2.642928
0.998627 -0.028442 0.044000 2.682029 0.028061 0.999563 0.009254 -0.179681 -0.044244 -0.008006 0.998989 3.196778
0.998841 -0.030409 0.037305 2.680416 0.030085 0.999505 0.009221 -0.160695 -0.037567 -0.008088 0.999261 3.745326
0.999104 -0.032541 0.027063 2.687032 0.032326 0.999443 0.008340 -0.143952 -0.027319 -0.007458 0.999599 4.278776
0.999257 -0.035611 0.014741 2.672224 0.035514 0.999346 0.006806 -0.128988 -0.014974 -0.006278 0.999868 4.838428
0.999242 -0.038934 -0.000452 2.660511 0.038936 0.999222 0.006322 -0.112624 0.000206 -0.006335 0.999980 5.421188
0.999036 -0.039946 -0.018215 2.627472 0.040075 0.999174 0.006772 -0.093598 0.017930 -0.007495 0.999811 6.013871
0.998430 -0.040282 -0.038923 2.579120 0.040594 0.999149 0.007248 -0.077102 0.038598 -0.008817 0.999216 6.635139
0.997285 -0.040709 -0.061368 2.505869 0.041228 0.999124 0.007212 -0.060561 0.061021 -0.009723 0.998089 7.255817
0.995289 -0.043337 -0.086730 2.421534 0.044142 0.998998 0.007394 -0.031581 0.086323 -0.011187 0.996204 7.895745
0.992450 -0.042896 -0.114904 2.314889 0.044171 0.998987 0.008564 -0.011418 0.114421 -0.013575 0.993340 8.544285
0.988534 -0.043584 -0.144569 2.188155 0.045333 0.998933 0.008827 0.000449 0.144030 -0.015279 0.989455 9.174335
0.983420 -0.042445 -0.176308 2.029335 0.044609 0.998970 0.008325 0.024087 0.175773 -0.016051 0.984300 9.827023
0.977003 -0.040476 -0.209347 1.847326 0.043300 0.999022 0.008924 0.038932 0.208781 -0.017784 0.977801 10.478904
0.969326 -0.037607 -0.242885 1.648926 0.040914 0.999126 0.008583 0.056015 0.242350 -0.018257 0.970017 11.143366
0.960261 -0.036365 -0.276724 1.415003 0.039949 0.999175 0.007324 0.073151 0.276230 -0.018088 0.960921 11.811764
0.949224 -0.037813 -0.312320 1.182597 0.041394 0.999131 0.004841 0.082705 0.311866 -0.017523 0.949965 12.452001
0.936825 -0.037379 -0.347795 0.912240 0.040991 0.999155 0.003029 0.088887 0.347388 -0.017094 0.937566 13.082468
0.922409 -0.035667 -0.384565 0.626871 0.038692 0.999251 0.000129 0.100058 0.384272 -0.014998 0.923098 13.686515
0.906212 -0.037811 -0.421130 0.316096 0.041610 0.999134 -0.000169 0.104942 0.420772 -0.017370 0.907000 14.276214
0.888357 -0.040100 -0.457399 -0.003700 0.045581 0.998960 0.000949 0.098701 0.456885 -0.021692 0.889261 14.847011
0.869079 -0.039535 -0.493090 -0.353912 0.046552 0.998914 0.001958 0.099800 0.492477 -0.024657 0.869976 15.405125
0.848157 -0.039999 -0.528232 -0.730164 0.048976 0.998795 0.003007 0.096815 0.527476 -0.028421 0.849095 15.962783
0.824984 -0.040338 -0.563715 -1.129267 0.050290 0.998732 0.002131 0.093656 0.562915 -0.030107 0.825966 16.519224
0.800263 -0.039589 -0.598341 -1.559826 0.050370 0.998730 0.001287 0.099453 0.597530 -0.031168 0.801240 17.061106
0.774253 -0.037918 -0.631739 -2.012059 0.049166 0.998791 0.000308 0.103723 0.630963 -0.031299 0.775181 17.583435
0.746750 -0.036330 -0.664112 -2.503509 0.049112 0.998793 0.000585 0.106653 0.663289 -0.033052 0.747633 18.105663
0.717551 -0.033746 -0.695688 -3.017549 0.047450 0.998874 0.000488 0.110937 0.694888 -0.033360 0.718344 18.624153
0.687376 -0.031029 -0.725638 -3.556304 0.046384 0.998923 0.001224 0.112786 0.724819 -0.034499 0.688075 19.126732
0.656128 -0.028452 -0.754113 -4.152665 0.045076 0.998982 0.001529 0.124038 0.753302 -0.034996 0.656743 19.619745
0.623341 -0.027911 -0.781452 -4.778875 0.045093 0.998983 0.000288 0.131517 0.780649 -0.035418 0.623966 20.102989
0.590115 -0.031159 -0.806718 -5.421872 0.049237 0.998784 -0.002561 0.137478 0.805816 -0.038209 0.590932 20.561932
0.556345 -0.032469 -0.830317 -6.108367 0.047044 0.998864 -0.007539 0.144418 0.829619 -0.034867 0.557241 21.007006
0.522812 -0.033912 -0.851773 -6.837929 0.043747 0.998959 -0.012920 0.150477 0.851325 -0.030508 0.523751 21.425838
0.489375 -0.038448 -0.871225 -7.580266 0.047211 0.998731 -0.017556 0.158883 0.870794 -0.032539 0.490569 21.828772
0.455754 -0.038067 -0.889292 -8.340316 0.045287 0.998783 -0.019545 0.155488 0.888953 -0.031365 0.456923 22.213858
0.424215 -0.037800 -0.904772 -9.123817 0.046659 0.998714 -0.019848 0.150783 0.904359 -0.033796 0.425433 22.573727
0.392019 -0.039402 -0.919113 -9.946173 0.046857 0.998641 -0.022826 0.146380 0.918763 -0.034119 0.393332 22.927824
0.361582 -0.041266 -0.931427 -10.796083 0.045393 0.998614 -0.026621 0.134487 0.931235 -0.032655 0.362954 23.238773
0.331789 -0.045439 -0.942259 -11.663927 0.047486 0.998377 -0.031424 0.126902 0.942158 -0.034318 0.333408 23.530891
0.304354 -0.044821 -0.951504 -12.527537 0.042479 0.998537 -0.033449 0.108530 0.951611 -0.030239 0.305813 23.791998
0.280613 -0.043885 -0.958817 -13.422554 0.039528 0.998635 -0.034139 0.085609 0.959007 -0.028320 0.281965 24.033960
0.259838 -0.043884 -0.964655 -14.308856 0.035644 0.998722 -0.035833 0.066065 0.964994 -0.025073 0.261070 24.260378
0.244453 -0.042751 -0.968718 -15.235413 0.031470 0.998851 -0.036139 0.049804 0.969150 -0.021652 0.245518 24.461573
0.230927 -0.042159 -0.972057 -16.133478 0.028650 0.998922 -0.036518 0.030764 0.972549 -0.019416 0.231886 24.675732
0.220892 -0.040885 -0.974441 -17.037241 0.024813 0.999033 -0.036292 0.002153 0.974983 -0.016162 0.221693 24.869167
0.213915 -0.041106 -0.975987 -17.978455 0.022359 0.999059 -0.037177 -0.023100 0.976596 -0.013869 0.214633 25.070995
0.210627 -0.042409 -0.976646 -18.897453 0.021511 0.999018 -0.038741 -0.040386 0.977330 -0.012849 0.211332 25.252914
0.208762 -0.044399 -0.976958 -19.819723 0.019404 0.998960 -0.041253 -0.067858 0.977774 -0.010345 0.209407 25.446415
0.208631 -0.044045 -0.977002 -20.731802 0.017592 0.998993 -0.041280 -0.093719 0.977836 -0.008575 0.209196 25.637894
0.209647 -0.041611 -0.976891 -21.673700 0.016342 0.999104 -0.039050 -0.122678 0.977641 -0.007778 0.210139 25.834391
0.210861 -0.038590 -0.976754 -22.588684 0.018131 0.999203 -0.035563 -0.144449 0.977348 -0.010211 0.211392 26.034025
0.211806 -0.038392 -0.976557 -23.516855 0.020505 0.999183 -0.034834 -0.170214 0.977096 -0.012646 0.212421 26.247864
0.212684 -0.039424 -0.976325 -24.438841 0.023726 0.999099 -0.035175 -0.190730 0.976833 -0.015683 0.213428 26.467239
0.213919 -0.038642 -0.976087 -25.374510 0.025201 0.999103 -0.034030 -0.217097 0.976526 -0.017318 0.214701 26.676548
0.215292 -0.037065 -0.975846 -26.325249 0.026405 0.999135 -0.032124 -0.238593 0.976193 -0.018851 0.216084 26.886980
0.216256 -0.033815 -0.975751 -27.272003 0.026659 0.999232 -0.028721 -0.252892 0.975973 -0.019801 0.216991 27.106188
0.217194 -0.024922 -0.975810 -28.247042 0.025502 0.999478 -0.019850 -0.273698 0.975795 -0.020574 0.217716 27.332109
0.218284 -0.017559 -0.975727 -29.203043 0.029882 0.999490 -0.011302 -0.288971 0.975428 -0.026690 0.218698 27.562122
0.219038 -0.020606 -0.975499 -30.164623 0.028935 0.999474 -0.014616 -0.300585 0.975287 -0.025024 0.219519 27.778202
