1.000000 0.000000 0.000000 0.000000 0.000000 1.000000 0.000000 0.000000 0.000000 0.000000 1.000000 0.000000
0.999908 0.001052 0.013523 -0.016743 -0.001043 0.999999 -0.000636 -0.007691 -0.013524 0.000622 0.999908 0.070591
0.999432 0.003364 0.033539 -0.028063 -0.003369 0.999994 0.000092 -0.008035 -0.033539 -0.000205 0.999437 0.177971
0.996375 -0.002372 0.085036 0.073844 0.001986 0.999987 0.004623 0.002560 -0.085045 -0.004438 0.996367 0.357186
0.989715 -0.028022 0.140283 0.310160 0.024239 0.999297 0.028602 -0.023279 -0.140985 -0.024907 0.989698 0.551807
0.979147 -0.047715 0.197472 0.541989 0.038798 0.998056 0.048779 0.028354 -0.199415 -0.040100 0.979094 0.770192
0.963149 -0.053643 0.263563 0.742792 0.042440 0.997944 0.048019 0.155530 -0.265597 -0.035064 0.963446 0.961353
0.945946 -0.053243 0.319924 0.954034 0.031624 0.996874 0.072398 0.215583 -0.322779 -0.058368 0.944673 1.304954
0.926162 -0.052366 0.373472 1.156790 0.016627 0.995020 0.098282 0.389016 -0.376758 -0.084816 0.922421 1.677200
0.903264 -0.046540 0.426553 1.330386 0.007214 0.995607 0.093353 0.647306 -0.429024 -0.081245 0.899632 1.954189
0.879221 -0.044739 0.474309 1.495743 0.026766 0.998647 0.044581 0.670665 -0.475662 -0.026501 0.879229 2.104671
0.849777 -0.057376 0.524010 1.853446 0.030846 0.997768 0.059228 0.612560 -0.526239 -0.034167 0.849650 2.325165
0.827797 -0.045281 0.559197 1.995942 0.008419 0.997628 0.068320 0.648134 -0.560964 -0.051848 0.826215 2.675965
0.815924 -0.043936 0.576488 2.196738 -0.001801 0.996910 0.078526 0.654462 -0.578157 -0.065110 0.813324 3.063151
0.802800 -0.039748 0.594922 2.347696 -0.009992 0.996739 0.080076 0.639891 -0.596165 -0.070229 0.799784 3.423514
