1.000000 0.000000 0.000000 0.000000 0.000000 1.000000 0.000000 0.000000 0.000000 0.000000 1.000000 0.000000
0.999908 0.001052 0.013523 -0.016743 -0.001043 0.999999 -0.000636 -0.007691 -0.013524 0.000622 0.999908 0.070591
0.999432 0.003364 0.033539 -0.028063 -0.003369 0.999994 0.000092 -0.008035 -0.033539 -0.000205 0.999437 0.177971
0.998219 0.004739 0.059462 -0.038952 -0.004840 0.999987 0.001558 -0.005272 -0.059454 -0.001843 0.998229 0.307668
0.995755 0.004071 0.091952 -0.035990 -0.004487 0.999981 0.004318 -0.002056 -0.091932 -0.004713 0.995754 0.461823
0.991682 0.000877 0.128709 -0.000037 -0.001714 0.999978 0.006395 0.003557 -0.128700 -0.006562 0.991662 0.640257
0.985900 -0.002412 0.167319 0.055940 0.001136 0.999970 0.007721 -0.002327 -0.167333 -0.007422 0.985873 0.822107
0.977679 -0.003211 0.210080 0.105488 0.001247 0.999954 0.009479 -0.007515 -0.210100 -0.009006 0.977638 1.026064
0.966755 -0.003438 0.255681 0.153893 0.000235 0.999921 0.012559 -0.003346 -0.255704 -0.012081 0.966680 1.236837
0.953115 -0.006858 0.302531 0.254511 0.000992 0.999809 0.019539 0.008018 -0.302607 -0.018322 0.952939 1.489565
0.936950 -0.016241 0.349087 0.372584 0.006996 0.999591 0.027727 0.010149 -0.349395 -0.023537 0.936680 1.730833
0.904669 -0.026394 0.425297 0.525518 0.011209 0.999209 0.038167 -0.013807 -0.425967 -0.029762 0.904249 2.064370
0.854636 -0.034589 0.518074 0.829927 0.010932 0.998756 0.048647 0.010428 -0.519112 -0.035912 0.853952 2.471882
0.789766 -0.046313 0.611658 1.233963 0.014296 0.998265 0.057127 0.019279 -0.613242 -0.036373 0.789057 2.926160
0.714821 -0.053259 0.697277 1.742896 0.013870 0.997979 0.062009 0.042791 -0.699170 -0.034654 0.714115 3.401341
0.614561 -0.058818 0.786674 2.438177 0.005375 0.997506 0.070383 0.095814 -0.788851 -0.039026 0.613344 3.980071
0.526573 -0.062584 0.847823 3.163157 -0.001336 0.997224 0.074442 0.142499 -0.850129 -0.040332 0.525027 4.420990
0.460876 -0.061482 0.885332 3.857828 -0.006626 0.997331 0.072709 0.196262 -0.887440 -0.039376 0.459239 4.683248
0.396293 -0.059969 0.916164 4.733938 -0.005188 0.997702 0.067550 0.256924 -0.918109 -0.031523 0.395071 5.013549
0.344667 -0.058404 0.936906 5.709591 -0.005186 0.997929 0.064116 0.322561 -0.938711 -0.026958 0.343651 5.365033
0.310679 -0.060880 0.948563 6.783186 -0.004878 0.997831 0.065640 0.383501 -0.950502 -0.025020 0.309708 5.708866
0.287709 -0.064944 0.955513 7.987944 -0.007864 0.997504 0.070166 0.451996 -0.957686 -0.027701 0.286480 6.089448
0.267457 -0.069224 0.961080 9.315408 -0.009505 0.997178 0.074469 0.530226 -0.963523 -0.029052 0.266044 6.488680
0.248223 -0.072641 0.965975 10.750937 -0.010007 0.996939 0.077541 0.617826 -0.968651 -0.028914 0.246737 6.885737
0.228196 -0.085033 0.969895 12.377267 -0.013376 0.995811 0.090452 0.742411 -0.973523 -0.033614 0.226103 7.360363
0.204690 -0.088523 0.974816 13.970407 -0.013531 0.995551 0.093247 0.853422 -0.978733 -0.032277 0.202581 7.743710
0.176511 -0.087253 0.980424 15.554026 -0.016030 0.995676 0.091497 0.968960 -0.984168 -0.031867 0.174349 8.075801
0.153846 -0.084768 0.984452 16.893658 -0.019235 0.995868 0.088757 1.050744 -0.987908 -0.032591 0.151579 8.333689
0.117690 -0.084433 0.989455 18.318724 -0.027300 0.995727 0.088215 1.148118 -0.992675 -0.037395 0.114882 8.610828
0.074881 -0.084815 0.993579 19.815666 -0.036783 0.995463 0.087748 1.286375 -0.996514 -0.043117 0.071422 8.894430
0.022341 -0.080935 0.996469 21.386118 -0.041531 0.995782 0.081811 1.389855 -0.998887 -0.043212 0.018886 9.088508
-0.022709 -0.074587 0.996956 22.789114 -0.041963 0.996405 0.073590 1.472370 -0.998861 -0.040164 -0.025757 9.169950
-0.074933 -0.065221 0.995053 24.301712 -0.032857 0.997478 0.062906 1.551644 -0.996647 -0.027981 -0.076887 9.116311
-0.128680 -0.055799 0.990115 25.883638 -0.021515 0.998338 0.053466 1.621455 -0.991453 -0.014422 -0.129667 8.933593
-0.180287 -0.031174 0.983120 27.463985 -0.010870 0.999500 0.029700 1.671320 -0.983554 -0.005332 -0.180536 8.669627
-0.228175 0.000041 0.973620 29.005165 -0.010578 0.999941 -0.002522 1.680530 -0.973563 -0.010874 -0.228161 8.357769
-0.261091 0.011473 0.965246 30.437069 -0.009216 0.999854 -0.014377 1.669116 -0.965270 -0.012649 -0.260947 8.065004
-0.304280 0.012217 0.952504 31.922173 -0.004941 0.999884 -0.014403 1.594705 -0.952570 -0.009089 -0.304184 7.634444
-0.345036 0.004791 0.938577 33.463352 0.003931 0.999986 -0.003659 1.538382 -0.938581 0.002428 -0.345050 7.082681
-0.369952 0.007798 0.929018 34.870277 0.008445 0.999952 -0.005030 1.514084 -0.929012 0.005985 -0.370000 6.582010
-0.393733 0.012738 0.919137 36.303673 0.011933 0.999891 -0.008745 1.455947 -0.919147 0.007525 -0.393842 6.010823
-0.416530 0.010875 0.909057 37.766228 0.004535 0.999941 -0.009884 1.402962 -0.909111 0.000005 -0.416554 5.417988
-0.434988 0.014757 0.900315 39.202663 0.009185 0.999886 -0.011951 1.356436 -0.900389 0.003071 -0.435074 4.751394
-0.441620 0.019183 0.896997 40.448151 0.010659 0.999813 -0.016134 1.327657 -0.897139 0.002436 -0.441742 4.153741
-0.441426 0.020352 0.897067 41.852402 0.011462 0.999789 -0.017043 1.270804 -0.897224 0.002759 -0.441566 3.489332
-0.440272 0.015942 0.897723 43.333904 0.006620 0.999873 -0.014509 1.213500 -0.897840 -0.000445 -0.440322 2.821357
-0.430479 0.012901 0.902509 44.919678 0.000788 0.999903 -0.013917 1.166396 -0.902600 -0.005280 -0.430447 2.074141
-0.423093 0.010790 0.906022 46.292641 -0.004776 0.999889 -0.014138 1.133667 -0.906074 -0.010309 -0.422994 1.402147
-0.420913 0.006267 0.907079 47.793201 -0.010830 0.999870 -0.011934 1.086071 -0.907036 -0.014847 -0.420790 0.679625
-0.422444 0.003946 0.906380 49.421303 -0.011926 0.999880 -0.009911 1.035433 -0.906310 -0.014997 -0.422347 -0.098594
-0.422678 0.002406 0.906277 51.185745 -0.012212 0.999891 -0.008350 0.980837 -0.906198 -0.014597 -0.422602 -0.932101
-0.422824 0.000516 0.906212 53.013821 -0.013935 0.999878 -0.007071 0.927589 -0.906105 -0.015618 -0.422765 -1.780254
-0.422736 0.000121 0.906253 54.616810 -0.015559 0.999852 -0.007391 0.876354 -0.906119 -0.017225 -0.422671 -2.484558
-0.421689 -0.004008 0.906732 56.347492 -0.016312 0.999862 -0.003166 0.816880 -0.906594 -0.016126 -0.421696 -3.273130
-0.418359 -0.005844 0.908263 58.147919 -0.015726 0.999876 -0.000811 0.765910 -0.908146 -0.014623 -0.418399 -4.099645
-0.415132 -0.005305 0.909746 59.970882 -0.015220 0.999884 -0.001114 0.718041 -0.909634 -0.014309 -0.415164 -4.932888
-0.413603 -0.003136 0.910452 61.532112 -0.015588 0.999872 -0.003637 0.680565 -0.910324 -0.015697 -0.413599 -5.658020
-0.419866 -0.001633 0.907585 63.231384 -0.017943 0.999818 -0.006502 0.622794 -0.907409 -0.019015 -0.419819 -6.418471
-0.429988 -0.006055 0.902814 65.015984 -0.016691 0.999860 -0.001243 0.566314 -0.902680 -0.015603 -0.430029 -7.254992
-0.440771 -0.005832 0.897601 66.792450 -0.017862 0.999838 -0.002275 0.516724 -0.897442 -0.017036 -0.440803 -8.087150
-0.450782 -0.003081 0.892629 68.545006 -0.017947 0.999823 -0.005612 0.462869 -0.892453 -0.018550 -0.450758 -8.929138
-0.458931 -0.003970 0.888463 70.278366 -0.019684 0.999790 -0.005700 0.396905 -0.888254 -0.020104 -0.458912 -9.782375
-0.463109 -0.009383 0.886252 71.804420 -0.019100 0.999817 0.000604 0.363143 -0.886096 -0.016648 -0.463204 -10.552067
-0.468245 -0.019602 0.883381 73.469086 -0.018969 0.999747 0.012130 0.324085 -0.883395 -0.011078 -0.468498 -11.427341
-0.471642 -0.010474 0.881728 75.117004 -0.018089 0.999834 0.002202 0.291357 -0.881605 -0.014911 -0.471753 -12.303797
-0.473177 -0.006823 0.880941 76.780998 -0.012453 0.999922 0.001056 0.243959 -0.880879 -0.010471 -0.473225 -13.223683
-0.471500 -0.013513 0.881762 78.481491 -0.013735 0.999874 0.007979 0.206647 -0.881759 -0.008349 -0.471627 -14.138808
-0.470387 -0.018465 0.882267 79.938393 -0.014936 0.999804 0.012962 0.194077 -0.882334 -0.007080 -0.470571 -14.872201
-0.469478 -0.027133 0.882527 81.530785 -0.027110 0.999499 0.016308 0.184934 -0.882528 -0.016269 -0.469979 -15.669728
-0.467808 -0.028549 0.883369 82.892723 -0.028083 0.999454 0.017429 0.168516 -0.883384 -0.016654 -0.468354 -16.354963
-0.461267 -0.023647 0.886946 84.414169 -0.022755 0.999631 0.014817 0.132215 -0.886970 -0.013348 -0.461635 -17.163982
-0.453890 -0.023154 0.890757 85.658775 -0.022508 0.999641 0.014515 0.102757 -0.890773 -0.013461 -0.454249 -17.804266
-0.438406 -0.022168 0.898504 87.130981 -0.017192 0.999720 0.016277 0.070158 -0.898613 -0.008311 -0.438664 -18.547169
-0.417374 -0.027696 0.908312 88.741615 -0.019900 0.999574 0.021335 0.059532 -0.908517 -0.009171 -0.417748 -19.291908
-0.400705 -0.029474 0.915733 89.988739 -0.023468 0.999485 0.021901 0.043009 -0.915907 -0.012715 -0.401190 -19.849358
-0.378519 -0.030456 0.925092 91.512794 -0.023484 0.999453 0.023295 0.030754 -0.925296 -0.012908 -0.379027 -20.470783
-0.358598 -0.026871 0.933105 92.770599 -0.024522 0.999512 0.019360 0.023591 -0.933170 -0.015939 -0.359082 -20.937460
-0.333804 -0.013183 0.942550 94.259933 -0.020352 0.999770 0.006776 0.013434 -0.942423 -0.016920 -0.333995 -21.472822
-0.314160 -0.014787 0.949255 95.591438 -0.025210 0.999656 0.007229 0.004930 -0.949035 -0.021660 -0.314425 -21.898155
-0.298576 -0.017820 0.954219 96.720169 -0.028155 0.999555 0.009857 -0.011289 -0.953970 -0.023923 -0.298945 -22.256382
-0.284425 -0.014374 0.958590 97.999557 -0.034610 0.999390 0.004717 -0.052374 -0.958073 -0.031836 -0.284749 -22.621658
-0.275661 -0.008155 0.961220 99.501602 -0.044189 0.999014 -0.004197 -0.087254 -0.960239 -0.043632 -0.275750 -23.021732
-0.272073 -0.007991 0.962243 100.631683 -0.047449 0.998861 -0.005121 -0.105740 -0.961106 -0.047050 -0.272143 -23.311359
-0.264848 -0.012222 0.964213 102.020058 -0.049682 0.998765 -0.000987 -0.150665 -0.963010 -0.048165 -0.265128 -23.635075
-0.260627 -0.015553 0.965314 103.056503 -0.052130 0.998638 0.002016 -0.174489 -0.964031 -0.049796 -0.261083 -23.897964
-0.253596 -0.021435 0.967073 104.289047 -0.055036 0.998455 0.007698 -0.209348 -0.965743 -0.051271 -0.254384 -24.177002
-0.247713 -0.020046 0.968626 105.267601 -0.061780 0.998078 0.004856 -0.219102 -0.966862 -0.058639 -0.248475 -24.403700
-0.241789 -0.016854 0.970182 106.163048 -0.062064 0.998070 0.001871 -0.238485 -0.968342 -0.059761 -0.242369 -24.631046
-0.235533 -0.014174 0.971763 107.056145 -0.062398 0.998051 -0.000567 -0.266589 -0.969861 -0.060770 -0.235959 -24.847979
-0.229470 -0.015630 0.973190 107.939713 -0.064191 0.997937 0.000892 -0.287028 -0.971197 -0.062265 -0.230000 -25.057680
-0.220440 -0.024116 0.975102 109.176514 -0.069309 0.997555 0.009003 -0.304419 -0.972935 -0.065599 -0.221573 -25.288193
-0.213893 -0.021505 0.976620 110.094406 -0.070454 0.997494 0.006534 -0.312365 -0.974313 -0.067409 -0.214872 -25.492781
-0.207643 -0.019097 0.978018 110.964165 -0.071643 0.997421 0.004266 -0.332093 -0.975578 -0.069182 -0.208476 -25.678246
-0.200385 -0.017830 0.979555 111.845459 -0.071903 0.997406 0.003446 -0.341118 -0.977075 -0.069742 -0.201147 -25.852388
-0.192012 -0.020205 0.981185 113.154884 -0.070623 0.997480 0.006721 -0.360919 -0.978848 -0.068004 -0.192955 -26.063105
-0.183913 -0.019625 0.982747 114.093803 -0.066902 0.997732 0.007404 -0.385433 -0.980663 -0.064386 -0.184808 -26.254181
-0.177283 -0.019043 0.983976 114.979256 -0.065090 0.997851 0.007584 -0.401335 -0.982005 -0.062702 -0.178142 -26.414162
-0.169198 -0.021407 0.985350 116.302444 -0.073833 0.997230 0.008987 -0.417517 -0.982813 -0.071231 -0.170310 -26.576355
-0.163702 -0.020816 0.986290 117.274261 -0.072378 0.997336 0.009036 -0.428840 -0.983851 -0.069906 -0.164773 -26.747732
-0.159015 -0.020782 0.987057 118.527695 -0.073212 0.997274 0.009202 -0.459438 -0.984558 -0.070801 -0.160103 -26.936934
-0.152498 -0.022187 0.988055 119.495216 -0.071942 0.997345 0.011292 -0.475090 -0.985682 -0.069361 -0.153689 -27.103462
-0.147326 -0.023724 0.988804 120.408577 -0.067347 0.997633 0.013902 -0.486376 -0.986793 -0.064545 -0.148575 -27.261580
-0.143050 -0.025079 0.989398 121.665207 -0.063873 0.997829 0.016058 -0.511808 -0.987652 -0.060898 -0.144341 -27.449133
-0.139256 -0.023563 0.989976 122.611778 -0.065598 0.997740 0.014520 -0.520851 -0.988081 -0.062919 -0.140487 -27.585167
-0.139901 -0.025666 0.989833 123.784889 -0.066889 0.997625 0.016414 -0.531370 -0.987904 -0.063913 -0.141286 -27.748297
-0.138212 -0.029097 0.989975 124.709549 -0.065621 0.997641 0.020161 -0.529213 -0.988226 -0.062176 -0.139795 -27.884623
-0.139836 -0.035817 0.989527 125.890694 -0.064210 0.997570 0.027034 -0.527297 -0.988091 -0.059757 -0.141796 -28.060719
-0.138694 -0.032394 0.989805 126.773071 -0.064175 0.997658 0.023658 -0.527734 -0.988254 -0.060239 -0.140448 -28.181644
-0.138387 -0.028046 0.989981 127.613152 -0.063462 0.997796 0.019396 -0.524675 -0.988343 -0.060142 -0.139862 -28.294218
-0.139226 -0.029550 0.989820 128.758255 -0.061238 0.997899 0.021178 -0.523563 -0.988365 -0.057666 -0.140743 -28.456675
-0.138196 -0.028745 0.989988 129.651382 -0.057126 0.998146 0.021007 -0.519156 -0.988756 -0.053651 -0.139582 -28.593222
-0.137200 -0.026777 0.990181 130.499710 -0.055777 0.998257 0.019267 -0.520948 -0.988972 -0.052586 -0.138455 -28.708071
-0.137219 -0.024312 0.990242 131.337891 -0.059514 0.998095 0.016257 -0.513947 -0.988751 -0.056703 -0.138404 -28.798834
-0.137580 -0.019843 0.990292 132.378616 -0.056519 0.998328 0.012152 -0.531066 -0.988877 -0.054299 -0.138471 -28.948244
-0.136601 -0.019400 0.990436 133.285034 -0.057703 0.998266 0.011595 -0.541042 -0.988944 -0.055567 -0.137484 -29.067373
-0.134625 -0.018344 0.990727 134.158035 -0.058442 0.998235 0.010541 -0.554267 -0.989172 -0.056481 -0.135460 -29.179724
-0.130606 -0.023273 0.991161 135.199051 -0.050196 0.998598 0.016833 -0.569452 -0.990163 -0.047554 -0.131591 -29.364542
-0.129111 -0.027364 0.991252 136.084900 -0.048019 0.998619 0.021313 -0.563758 -0.990467 -0.044848 -0.130247 -29.493011
-0.125854 -0.027887 0.991657 136.907623 -0.045769 0.998704 0.022277 -0.568574 -0.990992 -0.042583 -0.126968 -29.606026
-0.121142 -0.024285 0.992338 137.709396 -0.045975 0.998765 0.018830 -0.580073 -0.991570 -0.043341 -0.122109 -29.704300
-0.111413 -0.022101 0.993528 138.614822 -0.044218 0.998873 0.017261 -0.584041 -0.992790 -0.042009 -0.112265 -29.850399
-0.102164 -0.025366 0.994444 139.458023 -0.047589 0.998655 0.020584 -0.579140 -0.993629 -0.045222 -0.103234 -29.932991
-0.091368 -0.027272 0.995444 140.243500 -0.041403 0.998865 0.023565 -0.584549 -0.994956 -0.039062 -0.092393 -30.028492
-0.078656 -0.025845 0.996567 140.990082 -0.036501 0.999068 0.023029 -0.588265 -0.996233 -0.034564 -0.079526 -30.114042
-0.059299 -0.025823 0.997906 141.735855 -0.039477 0.998944 0.023504 -0.580600 -0.997459 -0.038000 -0.060256 -30.168758
-0.046739 -0.024656 0.998603 142.455917 -0.034468 0.999140 0.023056 -0.582585 -0.998312 -0.033343 -0.047548 -30.223291
-0.033768 -0.019718 0.999235 143.143906 -0.033733 0.999258 0.018579 -0.593263 -0.998860 -0.033080 -0.034409 -30.255354
-0.021193 -0.011121 0.999714 143.822632 -0.035218 0.999326 0.010370 -0.597956 -0.999155 -0.034988 -0.021571 -30.262856
-0.002878 -0.001519 0.999995 144.481873 -0.053409 0.998572 0.001363 -0.597127 -0.998569 -0.053404 -0.002955 -30.170948
0.008413 -0.004482 0.999955 145.148727 -0.059788 0.998199 0.004977 -0.605807 -0.998176 -0.059827 0.008130 -30.140388
0.018907 -0.006561 0.999800 145.800812 -0.060189 0.998157 0.007689 -0.618780 -0.998008 -0.060322 0.018477 -30.114229
0.027596 -0.002047 0.999617 146.458084 -0.056899 0.998373 0.003615 -0.640645 -0.997998 -0.056977 0.027435 -30.095638
0.034369 0.006333 0.999389 147.128983 -0.059628 0.998212 -0.004275 -0.647193 -0.997629 -0.059444 0.034685 -30.060678
0.036926 0.010660 0.999261 147.817688 -0.067811 0.997665 -0.008137 -0.652553 -0.997015 -0.067460 0.037562 -30.001472
0.036655 0.008126 0.999295 148.521484 -0.072167 0.997378 -0.005463 -0.661008 -0.996719 -0.071916 0.037145 -29.950623
0.035057 0.003695 0.999379 149.235794 -0.072736 0.997351 -0.001136 -0.689746 -0.996735 -0.072651 0.035233 -29.912895
0.032056 0.000931 0.999486 149.960403 -0.067605 0.997711 0.001239 -0.701845 -0.997197 -0.067610 0.032046 -29.894455
0.021083 0.000325 0.999778 150.710770 -0.062856 0.998022 0.001001 -0.718846 -0.997800 -0.062863 0.021062 -29.854788
0.015775 -0.000955 0.999875 151.417694 -0.063592 0.997974 0.001956 -0.728102 -0.997851 -0.063615 0.015682 -29.832376
0.010229 -0.001191 0.999947 152.095062 -0.063548 0.997977 0.001839 -0.738382 -0.997926 -0.063563 0.010132 -29.821573
0.004252 -0.002639 0.999987 152.799973 -0.066513 0.997781 0.002916 -0.746900 -0.997777 -0.066525 0.004067 -29.805410
-0.002077 -0.004818 0.999986 153.505798 -0.065773 0.997824 0.004671 -0.762546 -0.997832 -0.065762 -0.002389 -29.814461
-0.007793 -0.005588 0.999954 154.219513 -0.065409 0.997846 0.005066 -0.774795 -0.997828 -0.065366 -0.008142 -29.818045
-0.022826 -0.002386 0.999737 155.077866 -0.062302 0.998057 0.000960 -0.792600 -0.997796 -0.062263 -0.022930 -29.864042
-0.031725 0.000796 0.999496 156.099731 -0.052665 0.998609 -0.002467 -0.814066 -0.998108 -0.052717 -0.031639 -29.930922
-0.031535 -0.000543 0.999502 156.887741 -0.049667 0.998765 -0.001024 -0.832609 -0.998268 -0.049674 -0.031523 -29.966778
-0.025209 -0.004942 0.999670 158.018692 -0.042854 0.999074 0.003858 -0.879339 -0.998763 -0.042743 -0.025398 -30.028767
-0.014585 -0.003883 0.999886 158.803818 -0.041245 0.999144 0.003279 -0.893042 -0.999043 -0.041192 -0.014733 -30.056362
-0.001095 -0.003424 0.999994 159.498108 -0.040065 0.999191 0.003378 -0.907481 -0.999196 -0.040061 -0.001231 -30.069016
0.024826 -0.010105 0.999641 160.652039 -0.036937 0.999257 0.011019 -0.925118 -0.999009 -0.037197 0.024435 -30.010384
0.041947 -0.014970 0.999008 161.396729 -0.040025 0.999060 0.016651 -0.934548 -0.998318 -0.040683 0.041309 -29.974171
0.069022 -0.027961 0.997223 162.531586 -0.038807 0.998775 0.030691 -0.936355 -0.996860 -0.040818 0.067853 -29.877174
0.087066 -0.034008 0.995622 163.271622 -0.036267 0.998646 0.037283 -0.927643 -0.995542 -0.039354 0.085715 -29.824390
0.105362 -0.036301 0.993771 163.931473 -0.035908 0.998543 0.040282 -0.926646 -0.993785 -0.039928 0.103905 -29.751299
0.123345 -0.036599 0.991689 164.569168 -0.033278 0.998605 0.040993 -0.913878 -0.991806 -0.038058 0.121955 -29.673641
0.152298 -0.038446 0.987587 165.450546 -0.029553 0.998619 0.043433 -0.884289 -0.987893 -0.035801 0.150952 -29.530731
0.168067 -0.040424 0.984946 166.137543 -0.031744 0.998419 0.046394 -0.865677 -0.985264 -0.039064 0.166518 -29.391315
0.180925 -0.043824 0.982520 166.776291 -0.028307 0.998361 0.049743 -0.854404 -0.983089 -0.036812 0.179388 -29.276703
0.191667 -0.045343 0.980412 167.387894 -0.024126 0.998413 0.050892 -0.843842 -0.981163 -0.033407 0.190269 -29.164261
0.201605 -0.043048 0.978521 167.979309 -0.025853 0.998452 0.049251 -0.842391 -0.979126 -0.035227 0.200180 -29.022221
0.210270 -0.037240 0.976934 168.544846 -0.027698 0.998646 0.044029 -0.838211 -0.977251 -0.036317 0.208954 -28.876219
0.225880 -0.022004 0.973907 169.390106 -0.017336 0.999496 0.026602 -0.813579 -0.974001 -0.022892 0.225385 -28.680037
0.234244 -0.020941 0.971952 170.052277 -0.016171 0.999546 0.025433 -0.795640 -0.972043 -0.021675 0.233799 -28.511112
0.240519 -0.026121 0.970293 170.678665 -0.019914 0.999295 0.031838 -0.780515 -0.970440 -0.026980 0.239829 -28.331436
0.245474 -0.035430 0.968756 171.298874 -0.024721 0.998778 0.042792 -0.770323 -0.969088 -0.034453 0.244298 -28.154676
0.248133 -0.043419 0.967752 171.920135 -0.025707 0.998348 0.051383 -0.760151 -0.968385 -0.037628 0.246607 -27.987877
0.248838 -0.046149 0.967445 172.532532 -0.021139 0.998367 0.053061 -0.761584 -0.968314 -0.033655 0.247456 -27.842154
0.251626 -0.045252 0.966766 173.590805 -0.012792 0.998664 0.050075 -0.732833 -0.967740 -0.024967 0.250711 -27.590935
0.253898 -0.046020 0.966136 174.327942 -0.013975 0.998589 0.051239 -0.697249 -0.967130 -0.026511 0.252897 -27.402533
0.256300 -0.048884 0.965360 174.971970 -0.013767 0.998434 0.054214 -0.674777 -0.966499 -0.027185 0.255226 -27.230635
0.259174 -0.053143 0.964368 175.615891 -0.013388 0.998191 0.058605 -0.652092 -0.965738 -0.028100 0.257994 -27.065468
0.262801 -0.056197 0.963212 176.257843 -0.011877 0.998038 0.061470 -0.630648 -0.964777 -0.027595 0.261618 -26.895121
0.268185 -0.057670 0.961640 176.893845 -0.010435 0.997974 0.062759 -0.600686 -0.963311 -0.026866 0.267040 -26.730713
0.283784 -0.063634 0.956775 177.980652 -0.002798 0.997736 0.067188 -0.562409 -0.958884 -0.021744 0.282963 -26.448185
0.294189 -0.061473 0.953768 178.708176 -0.005162 0.997813 0.065904 -0.534463 -0.955733 -0.024312 0.293228 -26.244509
0.305231 -0.058459 0.950482 179.358932 -0.005488 0.997989 0.063143 -0.506957 -0.952263 -0.024489 0.304296 -26.051403
0.326916 -0.053744 0.943524 180.456238 -0.004767 0.998275 0.058514 -0.450583 -0.945042 -0.023626 0.326095 -25.676924
0.349667 -0.056899 0.935144 181.721649 -0.005017 0.998026 0.062601 -0.401359 -0.936860 -0.026581 0.348692 -25.214468
0.361803 -0.057063 0.930507 182.529144 -0.006340 0.997951 0.063664 -0.376587 -0.932233 -0.028933 0.360700 -24.935434
0.371441 -0.057370 0.926682 183.197205 -0.009537 0.997801 0.065596 -0.341837 -0.928407 -0.033203 0.370077 -24.680494
0.382607 -0.058276 0.922072 184.375458 -0.012260 0.997601 0.068137 -0.287446 -0.923830 -0.037375 0.380974 -24.158607
0.383643 -0.062729 0.921348 186.103302 -0.003569 0.997582 0.069406 -0.211942 -0.923474 -0.029915 0.382492 -23.409552
0.382466 -0.062718 0.921838 187.487732 0.002741 0.997766 0.066746 -0.127535 -0.923965 -0.023001 0.381784 -22.859240
0.382390 -0.066275 0.921621 188.313522 0.004331 0.997542 0.069938 -0.082014 -0.923991 -0.022752 0.381737 -22.542093
0.380885 -0.069367 0.922017 189.012375 0.005000 0.997322 0.072967 -0.048813 -0.924609 -0.023182 0.380212 -22.257034
0.377208 -0.072441 0.923291 190.238968 0.004977 0.997080 0.076197 0.026497 -0.926115 -0.024147 0.376467 -21.731312
0.374160 -0.071659 0.924592 191.608627 0.001953 0.997069 0.076486 0.106898 -0.927362 -0.026812 0.373203 -21.165333
0.372255 -0.068504 0.925599 192.419876 0.003055 0.997357 0.072586 0.150411 -0.928125 -0.024193 0.371481 -20.824440
0.371858 -0.065155 0.926000 193.680313 0.000579 0.997550 0.069957 0.204591 -0.928289 -0.025478 0.370985 -20.315969
0.370144 -0.067341 0.926530 194.498123 -0.001649 0.997320 0.073145 0.253375 -0.928973 -0.028602 0.369041 -19.972977
0.364269 -0.067608 0.928837 195.714798 -0.007046 0.997133 0.075342 0.312595 -0.931267 -0.033989 0.362748 -19.438477
0.349584 -0.068257 0.934415 197.067230 -0.007348 0.997112 0.075586 0.394519 -0.936876 -0.033290 0.348073 -18.897867
0.338662 -0.067023 0.938518 197.945053 -0.005822 0.997291 0.073321 0.446149 -0.940890 -0.030295 0.337355 -18.574471
0.318397 -0.064865 0.945736 199.220490 -0.010052 0.997369 0.071791 0.511051 -0.947904 -0.032364 0.316907 -18.089668
0.299422 -0.080273 0.950738 200.633621 -0.003565 0.996353 0.085247 0.584659 -0.954114 -0.028915 0.298044 -17.643948
0.288402 -0.086150 0.953626 201.627899 -0.002849 0.995863 0.090828 0.639460 -0.957505 -0.028912 0.286963 -17.316439
0.282998 -0.087853 0.955088 202.401825 -0.006596 0.995594 0.093533 0.693441 -0.959098 -0.032770 0.281172 -17.066906
0.280324 -0.089940 0.955683 203.688690 -0.007832 0.995353 0.095971 0.787894 -0.959874 -0.034388 0.278317 -16.687244
0.278612 -0.089130 0.956259 204.597366 -0.007901 0.995438 0.095084 0.842369 -0.960371 -0.034047 0.276636 -16.408527
0.280824 -0.088339 0.955685 205.884933 -0.012516 0.995333 0.095681 0.945222 -0.959678 -0.038831 0.278407 -16.038034
0.283804 -0.090693 0.954584 207.332886 -0.013253 0.995051 0.098478 1.054970 -0.958791 -0.040600 0.281198 -15.627774
0.285011 -0.091197 0.954176 208.309143 -0.008809 0.995172 0.097747 1.130293 -0.958484 -0.036264 0.282831 -15.335258
0.289719 -0.094604 0.952425 209.647583 -0.008464 0.994811 0.101389 1.228997 -0.957074 -0.037436 0.287415 -14.923045
0.297799 -0.102490 0.949111 211.110992 -0.009004 0.993874 0.110150 1.355414 -0.954586 -0.041349 0.295052 -14.457149
0.303106 -0.102982 0.947376 212.128937 -0.009311 0.993776 0.111005 1.441306 -0.952911 -0.042468 0.300261 -14.134727
0.309538 -0.095996 0.946029 213.385666 -0.011169 0.994455 0.104564 1.559163 -0.950822 -0.042933 0.306749 -13.692119
0.313987 -0.093203 0.944842 214.312210 -0.012616 0.994672 0.102311 1.645548 -0.949344 -0.044044 0.311138 -13.379533
0.318516 -0.092656 0.943378 215.106964 -0.014343 0.994626 0.102532 1.716949 -0.947809 -0.046189 0.315475 -13.114349
0.322574 -0.090800 0.942179 215.858704 -0.015277 0.994759 0.101098 1.784886 -0.946421 -0.047006 0.319497 -12.860965
0.326201 -0.088424 0.941156 216.602112 -0.015801 0.994966 0.098956 1.843242 -0.945168 -0.047151 0.323162 -12.601862
0.330880 -0.087413 0.939615 217.333496 -0.016918 0.994991 0.098523 1.902757 -0.943521 -0.048495 0.327744 -12.340079
0.337600 -0.089050 0.937068 218.337387 -0.016280 0.994814 0.100403 1.981289 -0.941149 -0.049152 0.334399 -11.976515
0.341877 -0.088762 0.935543 219.132919 -0.012041 0.995034 0.098806 2.048888 -0.939668 -0.045044 0.339110 -11.694745
0.347006 -0.087029 0.933816 219.886871 -0.012503 0.995167 0.097393 2.104295 -0.937779 -0.045472 0.344241 -11.414465
0.352067 -0.086143 0.932002 220.629684 -0.016584 0.995025 0.098233 2.169846 -0.935828 -0.050041 0.348887 -11.113712
0.359398 -0.083207 0.929467 221.610962 -0.018349 0.995194 0.096186 2.250670 -0.933004 -0.051624 0.356144 -10.747667
0.363174 -0.077189 0.928518 222.393692 -0.016132 0.995892 0.089099 2.311191 -0.931582 -0.047337 0.360437 -10.438741
0.366770 -0.072063 0.927516 223.127457 -0.018930 0.996211 0.084886 2.374273 -0.930119 -0.048692 0.364016 -10.130322
0.368246 -0.080651 0.926224 224.219864 -0.026445 0.994919 0.097147 2.467468 -0.929352 -0.060267 0.364242 -9.698829
0.369340 -0.091344 0.924794 225.102219 -0.023963 0.993890 0.107740 2.538087 -0.928985 -0.061953 0.364895 -9.357139
0.370303 -0.099588 0.923557 225.886215 -0.023471 0.992916 0.116478 2.611065 -0.928615 -0.064809 0.365342 -9.036465
0.370200 -0.100121 0.923541 226.929184 -0.022565 0.992912 0.116686 2.705195 -0.928678 -0.064037 0.365317 -8.637011
0.374051 -0.092804 0.922753 227.740509 -0.024545 0.993641 0.109883 2.789264 -0.927083 -0.063751 0.369394 -8.301694
0.377943 -0.087381 0.921696 228.496078 -0.026595 0.994101 0.105151 2.868350 -0.925447 -0.064254 0.373389 -7.988194
0.381278 -0.084530 0.920588 229.576187 -0.023625 0.994595 0.101110 2.958657 -0.924158 -0.060300 0.377220 -7.601071
0.387152 -0.088188 0.917789 230.908737 -0.025487 0.994011 0.106264 3.076228 -0.921664 -0.064532 0.382586 -7.075064
0.389785 -0.092847 0.916213 231.792313 -0.025647 0.993424 0.111582 3.158247 -0.920548 -0.066991 0.384841 -6.689991
0.392311 -0.097275 0.914674 232.556442 -0.025727 0.992843 0.116622 3.230290 -0.919473 -0.069284 0.387001 -6.366991
0.393211 -0.101274 0.913854 233.317612 -0.025997 0.992293 0.121152 3.314254 -0.919081 -0.071396 0.387548 -6.053998
0.393341 -0.108860 0.912925 234.462555 -0.024732 0.991353 0.128868 3.445117 -0.919060 -0.073268 0.387247 -5.653651
0.394065 -0.099949 0.913632 235.238327 -0.029762 0.992160 0.121376 3.531469 -0.918601 -0.075021 0.388001 -5.288327
0.397079 -0.079265 0.914355 236.431259 -0.035819 0.994166 0.101739 3.649985 -0.917085 -0.073149 0.391923 -4.773365
0.397712 -0.079890 0.914026 237.266129 -0.036113 0.994067 0.102600 3.723565 -0.916799 -0.073814 0.392467 -4.403553
0.398358 -0.085106 0.913273 238.046585 -0.035745 0.993489 0.108172 3.798447 -0.916533 -0.075736 0.392722 -4.061650
0.400677 -0.086854 0.912093 239.237045 -0.032732 0.993504 0.108986 3.892784 -0.915634 -0.073523 0.395232 -3.622398
0.403621 -0.092774 0.910210 240.701935 -0.028136 0.993117 0.113701 4.028241 -0.914494 -0.071502 0.398232 -3.017401
0.407009 -0.094748 0.908497 241.620819 -0.027194 0.992908 0.115735 4.118698 -0.913019 -0.071811 0.401546 -2.569782
0.409509 -0.094085 0.907441 242.397064 -0.026712 0.993005 0.115011 4.205632 -0.911915 -0.071338 0.404132 -2.210724
0.413127 -0.090897 0.906126 243.712357 -0.025447 0.993465 0.111260 4.327001 -0.910318 -0.069022 0.408114 -1.660776
0.415423 -0.092619 0.904901 244.544647 -0.022514 0.993451 0.112019 4.419093 -0.909350 -0.066908 0.410617 -1.285059
0.421278 -0.097157 0.901712 245.893433 -0.022048 0.992854 0.117278 4.548243 -0.906663 -0.069288 0.416126 -0.680297
0.425676 -0.097708 0.899585 246.757599 -0.019215 0.992953 0.116942 4.644206 -0.904671 -0.067065 0.420799 -0.277516
0.430452 -0.096422 0.897448 247.511765 -0.019058 0.993085 0.115839 4.718128 -0.902412 -0.066967 0.425638 0.074525
0.440664 -0.087755 0.893372 248.715591 -0.023316 0.993756 0.109116 4.846511 -0.897369 -0.068914 0.435867 0.642877
0.448397 -0.086089 0.889679 249.528015 -0.019377 0.994181 0.105967 4.924603 -0.893624 -0.064754 0.444120 1.038481
0.457143 -0.086903 0.885137 250.285614 -0.015252 0.994303 0.105498 4.997911 -0.889262 -0.061728 0.453213 1.420538
0.467393 -0.089100 0.879548 251.051529 -0.008544 0.994406 0.105276 5.065432 -0.884009 -0.056720 0.464017 1.803505
0.490956 -0.091483 0.866368 252.409103 -0.003769 0.994239 0.107121 5.192605 -0.871176 -0.055857 0.487783 2.563075
0.504677 -0.095140 0.858050 253.262405 -0.000725 0.993862 0.110625 5.272486 -0.863308 -0.056451 0.501511 3.068515
0.517786 -0.097345 0.849954 253.996002 -0.000062 0.993501 0.113824 5.347921 -0.855510 -0.058989 0.514414 3.510482
0.538922 -0.091715 0.837348 255.232773 -0.008082 0.993446 0.114015 5.480799 -0.842317 -0.068213 0.534649 4.327168
0.547235 -0.087505 0.832392 255.985840 -0.011035 0.993679 0.111714 5.567943 -0.836906 -0.070319 0.542810 4.818655
0.549730 -0.084845 0.831022 256.671143 -0.014438 0.993715 0.111006 5.643267 -0.835218 -0.073022 0.545050 5.285367
0.544952 -0.073253 0.835261 257.862854 -0.029272 0.993907 0.106265 5.764620 -0.837956 -0.082359 0.539488 6.198831
0.535046 -0.068240 0.842062 258.643463 -0.031914 0.994388 0.100862 5.858255 -0.844220 -0.080839 0.529866 6.699625
0.524653 -0.068638 0.848544 259.343292 -0.028618 0.994759 0.098160 5.927985 -0.850835 -0.075783 0.519939 7.136708
0.515464 -0.072680 0.853824 260.057861 -0.025908 0.994619 0.100306 5.991228 -0.856520 -0.073825 0.510807 7.577654
0.506642 -0.072506 0.859102 260.749207 -0.029435 0.994422 0.101286 6.056053 -0.861654 -0.076603 0.501682 8.028632
0.498603 -0.075252 0.863558 261.459229 -0.026892 0.994402 0.102181 6.123668 -0.866413 -0.074170 0.493788 8.454430
0.486156 -0.078721 0.870319 262.686249 -0.016215 0.994950 0.099052 6.247343 -0.873721 -0.062268 0.482425 9.230920
0.479310 -0.075937 0.874354 263.522705 -0.019519 0.995081 0.097122 6.320542 -0.877429 -0.063618 0.475470 9.745191
0.473499 -0.076309 0.877483 264.259033 -0.022838 0.994841 0.098838 6.379196 -0.880498 -0.066840 0.469314 10.161638
0.469393 -0.083805 0.879004 265.628998 -0.027728 0.993596 0.109537 6.504402 -0.882554 -0.075789 0.464063 10.902764
0.467895 -0.085346 0.879654 266.601898 -0.028676 0.993336 0.111629 6.604940 -0.883319 -0.077455 0.462329 11.474681
0.465463 -0.075805 0.881815 267.949677 -0.032646 0.994177 0.102696 6.734100 -0.884465 -0.076589 0.460278 12.219652
0.465215 -0.063236 0.882936 268.804840 -0.035157 0.995338 0.089810 6.826657 -0.884499 -0.072823 0.460823 12.703850
0.461861 -0.055576 0.885209 270.150696 -0.039652 0.995743 0.083205 6.927827 -0.886065 -0.073530 0.457691 13.419201
0.461919 -0.056021 0.885151 271.021637 -0.042137 0.995490 0.084993 7.004216 -0.885921 -0.076557 0.457475 13.905128
0.462288 -0.058366 0.884807 271.796082 -0.040467 0.995403 0.086805 7.062141 -0.885806 -0.075935 0.457801 14.306419
0.462252 -0.064012 0.884435 273.105591 -0.038726 0.994982 0.092253 7.154093 -0.885903 -0.076895 0.457453 14.983044
0.466081 -0.064696 0.882373 273.938995 -0.036960 0.995028 0.092479 7.223924 -0.883970 -0.075715 0.461373 15.418185
0.471319 -0.064906 0.879571 275.186218 -0.038690 0.994807 0.094141 7.311388 -0.881114 -0.078401 0.466361 16.016289
0.475439 -0.063638 0.877444 276.000610 -0.040124 0.994774 0.093888 7.382410 -0.878833 -0.079845 0.470401 16.463057
0.480291 -0.061256 0.874968 276.759308 -0.040092 0.994982 0.091666 7.450021 -0.876193 -0.079105 0.475425 16.877411
0.487025 -0.058320 0.871439 277.893341 -0.034454 0.995709 0.085892 7.536286 -0.872708 -0.071856 0.482925 17.381313
0.493717 -0.057233 0.867737 278.693787 -0.031859 0.995972 0.083818 7.599124 -0.869039 -0.069028 0.489905 17.824812
0.505753 -0.061453 0.860486 279.925873 -0.033952 0.995269 0.091034 7.691913 -0.862010 -0.075256 0.501274 18.471312
0.513371 -0.065746 0.855644 280.743439 -0.034311 0.994691 0.097016 7.765261 -0.857480 -0.079164 0.508390 18.973822
0.527326 -0.071491 0.846650 282.033325 -0.037481 0.993527 0.107238 7.893659 -0.848836 -0.088283 0.521233 19.736197
0.534503 -0.068236 0.842407 282.861023 -0.036843 0.993907 0.103884 7.972675 -0.844363 -0.086564 0.528732 20.259382
0.548901 -0.056413 0.833982 284.139130 -0.034148 0.995374 0.089805 8.097507 -0.835190 -0.077773 0.544435 21.036865
0.554630 -0.052763 0.830422 284.968262 -0.028714 0.996180 0.082473 8.181417 -0.831601 -0.069587 0.550996 21.557695
0.560802 -0.051196 0.826366 285.734955 -0.023502 0.996