1.000000 0.000000 0.000000 0.000000 0.000000 1.000000 0.000000 0.000000 0.000000 0.000000 1.000000 0.000000
0.999881 0.001390 0.015340 -0.015787 -0.001385 0.999999 -0.000303 -0.010410 -0.015341 0.000281 0.999882 0.097188
0.999324 0.003964 0.036551 -0.009048 -0.003979 0.999992 0.000341 -0.010599 -0.036549 -0.000486 0.999332 0.223661
0.997946 0.005581 0.063818 -0.016386 -0.005721 0.999982 0.002012 -0.005672 -0.063805 -0.002373 0.997960 0.370944
0.995252 0.005200 0.097195 -0.003360 -0.005678 0.999973 0.004634 0.003203 -0.097168 -0.005164 0.995255 0.533386
0.990899 0.002012 0.134590 0.050857 -0.002984 0.999971 0.007022 0.016052 -0.134572 -0.007360 0.990876 0.713311
0.984767 -0.001345 0.173876 0.105798 -0.000081 0.999966 0.008191 0.008702 -0.173881 -0.008081 0.984734 0.899730
0.976071 -0.002103 0.217442 0.155555 -0.000125 0.999948 0.010233 -0.003703 -0.217452 -0.010015 0.976020 1.109843
0.964435 -0.002205 0.264311 0.222860 -0.001458 0.999906 0.013660 0.006517 -0.264316 -0.013560 0.964341 1.323793
0.950344 -0.005907 0.311145 0.325926 -0.000671 0.999779 0.021028 0.026849 -0.311200 -0.020193 0.950130 1.573560
0.933827 -0.015382 0.357394 0.458886 0.005173 0.999551 0.029503 0.031527 -0.357687 -0.025702 0.933488 1.799891
0.892174 -0.025354 0.450980 0.695177 0.008179 0.999166 0.039993 -0.012554 -0.451619 -0.031993 0.891637 2.220172
0.832068 -0.032841 0.553701 1.069845 0.005812 0.998707 0.050501 0.025881 -0.554643 -0.038802 0.831183 2.711566
0.759397 -0.044286 0.649119 1.538124 0.008128 0.998249 0.058596 0.037262 -0.650577 -0.039221 0.758427 3.207981
0.679304 -0.051270 0.732063 2.090162 0.007778 0.998003 0.062678 0.057410 -0.733815 -0.036884 0.678347 3.686329
0.563314 -0.056437 0.824313 3.005980 -0.002159 0.997561 0.069773 0.110872 -0.826240 -0.041084 0.561818 4.334486
0.480568 -0.060009 0.874902 3.846089 -0.007976 0.997316 0.072786 0.152924 -0.876921 -0.041957 0.478800 4.846160
0.426431 -0.058897 0.902601 4.499812 -0.011718 0.997434 0.070621 0.208487 -0.904444 -0.040691 0.424647 5.139361
0.369476 -0.057587 0.927454 5.409013 -0.008775 0.997817 0.065452 0.261773 -0.929199 -0.032321 0.368164 5.506036
0.326041 -0.056102 0.943690 6.467788 -0.007217 0.998061 0.061827 0.317812 -0.945328 -0.026969 0.325003 5.888915
0.300743 -0.058478 0.951911 7.658746 -0.005975 0.997983 0.063196 0.375426 -0.953686 -0.024694 0.299787 6.275992
0.281526 -0.062652 0.957506 8.968295 -0.008825 0.997655 0.067873 0.440504 -0.959513 -0.027558 0.280313 6.689275
0.262933 -0.066839 0.962496 10.372545 -0.010668 0.997335 0.072173 0.516283 -0.964755 -0.029244 0.261520 7.102634
0.243704 -0.070312 0.967297 11.880455 -0.011924 0.997076 0.075481 0.600298 -0.969776 -0.029929 0.242153 7.506723
0.219570 -0.082382 0.972112 13.795701 -0.016288 0.995980 0.088084 0.723756 -0.975461 -0.035174 0.217346 8.033060
0.192022 -0.085864 0.977627 15.508272 -0.016577 0.995739 0.090711 0.832026 -0.981251 -0.033625 0.189780 8.404005
0.160425 -0.084486 0.983426 17.171799 -0.019052 0.995879 0.088664 0.942775 -0.986864 -0.032960 0.158154 8.695237
0.137579 -0.082969 0.987010 18.298628 -0.022261 0.995975 0.086826 1.006798 -0.990241 -0.033917 0.135178 8.858607
0.090930 -0.082916 0.992399 19.735502 -0.031157 0.995803 0.086055 1.099897 -0.995370 -0.038745 0.087965 9.058143
0.041749 -0.085079 0.995499 21.316345 -0.037296 0.995541 0.086647 1.234782 -0.998432 -0.040745 0.038390 9.247108
-0.019589 -0.081286 0.996498 22.958139 -0.041745 0.995887 0.080415 1.335754 -0.998936 -0.040024 -0.022901 9.332051
-0.065690 -0.075645 0.994969 24.293781 -0.039158 0.996550 0.073180 1.406611 -0.997072 -0.034153 -0.068425 9.290516
-0.121009 -0.065618 0.990480 25.794298 -0.029545 0.997609 0.062480 1.485367 -0.992212 -0.021703 -0.122659 9.129044
-0.177522 -0.055615 0.982544 27.393349 -0.016622 0.998429 0.053511 1.551649 -0.983976 -0.006833 -0.178167 8.817351
-0.230841 -0.029916 0.972531 28.977449 -0.006084 0.999552 0.029303 1.608057 -0.972972 0.000848 -0.230920 8.441251
-0.281575 0.001191 0.959539 30.501860 -0.007802 0.999963 -0.003531 1.600823 -0.959508 -0.008481 -0.281555 8.028229
-0.313878 0.012762 0.949378 31.796766 -0.004889 0.999875 -0.015057 1.580713 -0.949451 -0.009367 -0.313776 7.661379
-0.358430 0.014692 0.933441 33.199368 -0.000936 0.999870 -0.016097 1.493183 -0.933556 -0.006644 -0.358370 7.147184
-0.398103 0.007969 0.917306 34.697903 0.008465 0.999952 -0.005013 1.433882 -0.917302 0.005769 -0.398151 6.496443
-0.418528 0.009946 0.908149 35.959530 0.013060 0.999903 -0.004932 1.407147 -0.908110 0.009797 -0.418617 5.987633
-0.439709 0.015377 0.898009 37.302853 0.017422 0.999811 -0.008589 1.351034 -0.897971 0.011868 -0.439894 5.361742
-0.461083 0.013017 0.887261 38.687145 0.009330 0.999908 -0.009822 1.293567 -0.887308 0.003749 -0.461163 4.686756
-0.478197 0.017247 0.878083 40.080551 0.014493 0.999826 -0.011745 1.254014 -0.878133 0.007109 -0.478363 3.944130
-0.482492 0.021261 0.875642 41.085403 0.015775 0.999754 -0.015582 1.229693 -0.875758 0.006295 -0.482709 3.413768
-0.479507 0.023144 0.877233 42.444160 0.017273 0.999707 -0.016933 1.172889 -0.877368 0.007033 -0.479766 2.692998
-0.474565 0.019369 0.880007 44.020912 0.012983 0.999803 -0.015004 1.116549 -0.880124 0.004305 -0.474723 1.908144
-0.462208 0.016243 0.886623 45.678093 0.006890 0.999868 -0.014726 1.055725 -0.886745 -0.000698 -0.462259 1.063763
-0.451451 0.014082 0.892185 47.009113 0.001660 0.999887 -0.014943 1.010051 -0.892294 -0.005265 -0.451423 0.382265
-0.451609 0.009733 0.892163 48.575134 -0.003384 0.999915 -0.012621 0.959382 -0.892210 -0.008719 -0.451538 -0.414498
-0.452877 0.008245 0.891535 50.288277 -0.004035 0.999928 -0.011297 0.903108 -0.891564 -0.008713 -0.452811 -1.282483
-0.452815 0.007015 0.891577 52.114258 -0.003796 0.999945 -0.009795 0.842513 -0.891597 -0.007820 -0.452763 -2.208502
-0.453052 0.004838 0.891471 53.998917 -0.006220 0.999944 -0.008588 0.776911 -0.891463 -0.009436 -0.452996 -3.132904
-0.450743 0.004969 0.892640 55.449001 -0.006849 0.999936 -0.009025 0.733811 -0.892628 -0.010181 -0.450680 -3.810416
-0.447771 0.001181 0.894148 57.125538 -0.007313 0.999961 -0.004983 0.674631 -0.894118 -0.008770 -0.447745 -4.632467
-0.443127 -0.000905 0.896459 58.911808 -0.006420 0.999977 -0.002164 0.616422 -0.896436 -0.006715 -0.443122 -5.513361
-0.439317 -0.000085 0.898332 60.740021 -0.005413 0.999982 -0.002553 0.561957 -0.898316 -0.005984 -0.439309 -6.412866
-0.437898 0.001693 0.899023 62.062950 -0.005744 0.999973 -0.004681 0.521722 -0.899006 -0.007214 -0.437876 -7.046131
-0.445011 0.003570 0.895518 63.700218 -0.008653 0.999928 -0.008286 0.457946 -0.895483 -0.011436 -0.444948 -7.833956
-0.456138 -0.000203 0.889909 65.462036 -0.006834 0.999971 -0.003275 0.398019 -0.889883 -0.007575 -0.456126 -8.716696
-0.467368 -0.000908 0.884063 67.208107 -0.008433 0.999959 -0.003431 0.341799 -0.884023 -0.009059 -0.467356 -9.614666
-0.477395 0.002051 0.878687 68.933594 -0.008957 0.999934 -0.007201 0.281708 -0.878643 -0.011308 -0.477345 -10.529063
-0.485143 0.001821 0.874433 70.646774 -0.010712 0.999910 -0.008026 0.219371 -0.874369 -0.013261 -0.485080 -11.445441
-0.487409 -0.002495 0.873170 71.897682 -0.009205 0.999955 -0.002281 0.182151 -0.873126 -0.009149 -0.487410 -12.102777
-0.491146 -0.015843 0.870933 73.489731 -0.008157 0.999874 0.013588 0.146341 -0.871039 -0.000430 -0.491213 -12.996387
-0.494153 -0.007002 0.869347 75.091476 -0.007173 0.999966 0.003977 0.108170 -0.869345 -0.004271 -0.494186 -13.907146
-0.495308 -0.000057 0.868718 76.706604 0.001179 0.999999 0.000738 0.079110 -0.868717 0.001390 -0.495307 -14.859513
-0.493835 -0.007076 0.869527 78.380234 0.000106 0.999966 0.008198 0.044117 -0.869556 0.004141 -0.493817 -15.804926
-0.492664 -0.012598 0.870129 79.551712 -0.001226 0.999904 0.013782 0.027480 -0.870219 0.005723 -0.492632 -16.421774
-0.490345 -0.024503 0.871184 81.086876 -0.017082 0.999683 0.018503 -0.003331 -0.871361 -0.005809 -0.490608 -17.219303
-0.488118 -0.024876 0.872423 82.174179 -0.016790 0.999676 0.019111 -0.004432 -0.872616 -0.005319 -0.488378 -17.808979
-0.481055 -0.019225 0.876480 83.638908 -0.009280 0.999815 0.016837 -0.024939 -0.876641 -0.000035 -0.481144 -18.663696
-0.473145 -0.017051 0.880820 84.626091 -0.005805 0.999851 0.016237 -0.032639 -0.880966 0.002569 -0.473173 -19.182760
-0.456199 -0.014344 0.889762 86.119423 0.003643 0.999832 0.017986 -0.053982 -0.889870 0.011446 -0.456070 -20.001713
-0.433920 -0.019355 0.900743 87.756538 -0.000093 0.999770 0.021439 -0.062241 -0.900951 0.009219 -0.433822 -20.786833
-0.420319 -0.020419 0.907146 88.769310 0.000406 0.999742 0.022692 -0.068930 -0.907376 0.009907 -0.420203 -21.264479
-0.397146 -0.020239 0.917532 90.331711 0.004106 0.999708 0.023829 -0.061674 -0.917746 0.013231 -0.396947 -21.961882
-0.382237 -0.017255 0.923903 91.355011 0.004872 0.999774 0.020688 -0.072595 -0.924052 0.012409 -0.382066 -22.388479
-0.358856 -0.002710 0.933389 92.883408 0.009246 0.999936 0.006458 -0.084016 -0.933347 0.010948 -0.358808 -22.986158
-0.344788 -0.004370 0.938670 93.958977 0.004023 0.999973 0.006133 -0.082158 -0.938672 0.005891 -0.344761 -23.387520
-0.332348 -0.008429 0.943119 94.906029 0.004815 0.999932 0.010633 -0.109520 -0.943145 0.008075 -0.332284 -23.722118
-0.315866 -0.004401 0.948794 96.311974 0.001049 0.999987 0.004988 -0.152568 -0.948803 0.002571 -0.315857 -24.169741
-0.306999 0.004163 0.951701 97.970634 -0.008798 0.999935 -0.007212 -0.180737 -0.951669 -0.010587 -0.306943 -24.676695
-0.303003 0.005141 0.952976 98.970795 -0.009366 0.999921 -0.008372 -0.192936 -0.952944 -0.011462 -0.302931 -24.978609
-0.293269 0.000731 0.956030 100.515640 -0.014990 0.999873 -0.005362 -0.239956 -0.955913 -0.015904 -0.293220 -25.421766
-0.287272 -0.002948 0.957845 101.500160 -0.015513 0.999878 -0.001575 -0.268300 -0.957723 -0.015312 -0.287282 -25.718988
-0.277324 -0.006946 0.960751 102.916824 -0.016274 0.999864 0.002532 -0.308616 -0.960639 -0.014933 -0.277399 -26.080875
-0.270159 -0.006094 0.962797 103.935387 -0.024563 0.999698 -0.000565 -0.309721 -0.962502 -0.023802 -0.270227 -26.346548
-0.263125 -0.003178 0.964756 104.829529 -0.025259 0.999674 -0.003596 -0.347189 -0.964431 -0.025314 -0.263120 -26.595423
-0.255975 0.000271 0.966683 105.720291 -0.024453 0.999678 -0.006755 -0.375382 -0.966374 -0.025368 -0.255886 -26.831783
-0.248934 -0.000566 0.968520 106.600548 -0.026462 0.999631 -0.006217 -0.393344 -0.968159 -0.027177 -0.248857 -27.059792
-0.236470 -0.008848 0.971598 108.102959 -0.028800 0.999583 0.002094 -0.423248 -0.971212 -0.027487 -0.236627 -27.399134
-0.229084 -0.006621 0.973384 109.078033 -0.028342 0.999598 0.000129 -0.450605 -0.972994 -0.027558 -0.229180 -27.633759
-0.222177 -0.003107 0.975001 109.980865 -0.027811 0.999608 -0.003152 -0.471775 -0.974609 -0.027816 -0.222177 -27.836967
-0.215223 -0.002046 0.976563 110.873268 -0.029481 0.999556 -0.004403 -0.487889 -0.976120 -0.029737 -0.215188 -28.034025
-0.201600 -0.002838 0.979464 112.434570 -0.027592 0.999615 -0.002782 -0.522777 -0.979079 -0.027586 -0.201601 -28.349583
-0.193065 -0.001575 0.981185 113.414169 -0.022553 0.999742 -0.002833 -0.548411 -0.980927 -0.022675 -0.193050 -28.568380
-0.186203 -0.001048 0.982511 114.300949 -0.020410 0.999788 -0.002802 -0.569636 -0.982299 -0.020575 -0.186185 -28.741079
-0.174518 -0.003329 0.984648 115.895859 -0.030024 0.999547 -0.001942 -0.616640 -0.984196 -0.029902 -0.174539 -28.982666
-0.169264 -0.002784 0.985567 116.873245 -0.028167 0.999601 -0.002014 -0.630763 -0.985168 -0.028101 -0.169275 -29.160276
-0.161107 -0.002310 0.986934 118.407684 -0.025783 0.999666 -0.001869 -0.679086 -0.986600 -0.025747 -0.161113 -29.411434
-0.154940 -0.002924 0.987920 119.407036 -0.022791 0.999740 -0.000615 -0.694695 -0.987661 -0.022611 -0.154966 -29.587069
-0.149492 -0.004584 0.988752 120.317322 -0.017164 0.999851 0.002041 -0.719813 -0.988614 -0.016666 -0.149548 -29.755630
-0.142515 -0.005229 0.989779 121.801872 -0.013650 0.999901 0.003317 -0.761299 -0.989699 -0.013038 -0.142572 -29.960871
-0.137637 -0.002595 0.990479 122.794479 -0.014255 0.999898 0.000639 -0.781146 -0.990380 -0.014031 -0.137660 -30.100471
-0.136971 -0.004093 0.990567 124.222336 -0.017971 0.999837 0.001646 -0.803988 -0.990412 -0.017576 -0.137022 -30.268724
-0.135210 -0.007556 0.990788 125.220291 -0.016817 0.999844 0.005330 -0.814657 -0.990674 -0.015941 -0.135316 -30.407129
-0.135312 -0.015071 0.990689 126.604431 -0.013806 0.999816 0.013324 -0.840825 -0.990707 -0.011875 -0.135495 -30.589399
-0.133941 -0.012901 0.990905 127.557350 -0.015598 0.999819 0.010909 -0.868014 -0.990867 -0.013995 -0.134118 -30.712008
-0.133235 -0.008718 0.991046 128.457321 -0.015606 0.999856 0.006698 -0.881782 -0.990962 -0.014574 -0.133352 -30.832342
-0.134683 -0.009797 0.990840 129.825989 -0.018891 0.999795 0.007318 -0.892140 -0.990709 -0.017733 -0.134841 -30.996275
-0.133429 -0.009373 0.991014 130.773239 -0.015884 0.999847 0.007318 -0.913237 -0.990931 -0.014764 -0.133557 -31.133615
-0.132195 -0.007631 0.991194 131.668945 -0.016656 0.999846 0.005476 -0.931578 -0.991084 -0.015785 -0.132301 -31.244635
-0.132013 -0.005430 0.991233 132.534897 -0.023081 0.999731 0.002402 -0.941868 -0.990979 -0.022562 -0.132103 -31.326830
-0.132747 -0.000606 0.991150 133.891571 -0.023339 0.999724 -0.002515 -0.962196 -0.990875 -0.023466 -0.132725 -31.504402
-0.132141 0.000102 0.991231 134.860062 -0.025448 0.999670 -0.003495 -0.990244 -0.990904 -0.025687 -0.132095 -31.620205
-0.130310 0.001275 0.991472 135.737961 -0.023952 0.999703 -0.004433 -1.014426 -0.991184 -0.024326 -0.130241 -31.730518
-0.127425 -0.002496 0.991845 137.055801 -0.013396 0.999910 0.000795 -1.042413 -0.991758 -0.013186 -0.127447 -31.959772
-0.125107 -0.006842 0.992120 138.006302 -0.011983 0.999914 0.005385 -1.053852 -0.992071 -0.011215 -0.125178 -32.082401
-0.121537 -0.008242 0.992553 138.861191 -0.008304 0.999939 0.007287 -1.077257 -0.992552 -0.007357 -0.121598 -32.207153
-0.116405 -0.004219 0.993193 139.673141 -0.005096 0.999980 0.003651 -1.105381 -0.993189 -0.004636 -0.116424 -32.309467
-0.105971 -0.000813 0.994369 140.733139 -0.008678 0.999962 -0.000107 -1.112295 -0.994331 -0.008641 -0.105974 -32.453770
-0.095917 -0.003835 0.995382 141.644394 -0.009938 0.999946 0.002895 -1.122564 -0.995340 -0.009614 -0.095950 -32.534332
-0.084052 -0.005094 0.996448 142.463608 -0.004641 0.999978 0.004721 -1.146227 -0.996451 -0.004228 -0.084074 -32.613777
-0.070442 -0.003699 0.997509 143.272812 0.005599 0.999976 0.004103 -1.165487 -0.997500 0.005874 -0.070420 -32.699596
-0.048237 -0.001915 0.998834 144.146790 0.008699 0.999959 0.002337 -1.162307 -0.998798 0.008802 -0.048219 -32.758472
-0.034675 -0.000895 0.999398 144.916946 0.013767 0.999904 0.001373 -1.190241 -0.999304 0.013806 -0.034659 -32.794357
-0.021112 0.003819 0.999770 145.647232 0.018492 0.999823 -0.003428 -1.224184 -0.999606 0.018416 -0.021179 -32.819469
-0.008296 0.012556 0.999887 146.379425 0.018231 0.999757 -0.012403 -1.244884 -0.999799 0.018126 -0.008523 -32.815826
0.011418 0.023656 0.999655 147.102829 -0.003557 0.999715 -0.023617 -1.265328 -0.999928 -0.003286 0.011499 -32.721519
0.023298 0.021135 0.999505 147.830215 -0.011366 0.999717 -0.020874 -1.285088 -0.999664 -0.010874 0.023532 -32.683659
0.034698 0.018817 0.999221 148.535629 -0.011117 0.999768 -0.018442 -1.324697 -0.999336 -0.010468 0.034900 -32.645336
0.044121 0.022770 0.998767 149.259384 -0.003632 0.999737 -0.022632 -1.374282 -0.999020 -0.002629 0.044192 -32.621506
0.051016 0.030937 0.998219 149.993729 -0.010175 0.999484 -0.030456 -1.411879 -0.998646 -0.008603 0.051304 -32.568584
0.054564 0.035854 0.997866 150.722137 -0.019656 0.999200 -0.034827 -1.435671 -0.998317 -0.017713 0.055225 -32.513119
0.054375 0.033498 0.997959 151.478348 -0.029696 0.999049 -0.031917 -1.462973 -0.998079 -0.027899 0.055318 -32.447563
0.053523 0.028356 0.998164 152.219269 -0.028118 0.999243 -0.026879 -1.510117 -0.998171 -0.026627 0.054279 -32.417957
0.050863 0.025361 0.998384 152.974823 -0.026733 0.999354 -0.024024 -1.547015 -0.998348 -0.025468 0.051508 -32.378578
0.039923 0.024994 0.998890 153.867920 -0.023183 0.999441 -0.024081 -1.598094 -0.998934 -0.022195 0.040481 -32.331604
0.035331 0.023602 0.999097 154.656189 -0.022422 0.999488 -0.022818 -1.637151 -0.999124 -0.021595 0.035842 -32.301514
0.030041 0.023413 0.999274 155.391617 -0.024527 0.999442 -0.022680 -1.670438 -0.999248 -0.023828 0.030598 -32.271004
0.023874 0.022028 0.999472 156.147385 -0.025445 0.999447 -0.021420 -1.694279 -0.999391 -0.024921 0.024422 -32.244400
0.017947 0.019797 0.999643 156.925629 -0.026852 0.999453 -0.019311 -1.727270 -0.999478 -0.026496 0.018469 -32.220402
0.012525 0.018923 0.999743 157.698425 -0.024572 0.999525 -0.018611 -1.760861 -0.999620 -0.024332 0.012984 -32.203346
-0.000405 0.021685 0.999765 158.777847 -0.023341 0.999492 -0.021689 -1.815886 -0.999727 -0.023344 0.000101 -32.207973
-0.006147 0.024303 0.999686 159.985382 -0.017209 0.999554 -0.024406 -1.864548 -0.999833 -0.017354 -0.005726 -32.244705
-0.005086 0.023610 0.999708 160.816589 -0.017526 0.999566 -0.023696 -1.901073 -0.999833 -0.017641 -0.004670 -32.254032
0.004128 0.019214 0.999807 162.105011 -0.013321 0.999728 -0.019157 -1.964297 -0.999903 -0.013239 0.004383 -32.267719
0.015655 0.020834 0.999660 162.888367 -0.013590 0.999695 -0.020622 -1.997915 -0.999785 -0.013263 0.015933 -32.248421
0.029886 0.020817 0.999337 163.605576 -0.009191 0.999747 -0.020550 -2.024998 -0.999511 -0.008571 0.030069 -32.234806
0.060011 0.015192 0.998082 164.930695 -0.011930 0.999824 -0.014501 -2.078700 -0.998126 -0.011037 0.060182 -32.155075
0.076728 0.009812 0.997004 165.679337 -0.015901 0.999836 -0.008616 -2.102645 -0.996925 -0.015192 0.076872 -32.088100
0.110319 -0.003940 0.993888 166.970291 -0.016466 0.999848 0.005791 -2.142232 -0.993760 -0.017004 0.110237 -31.946350
0.128063 -0.010436 0.991711 167.694916 -0.015222 0.999806 0.012487 -2.161204 -0.991649 -0.016695 0.127880 -31.848669
0.145368 -0.013404 0.989287 168.371384 -0.011271 0.999821 0.015202 -2.177697 -0.989313 -0.013360 0.145191 -31.752731
0.163111 -0.014340 0.986503 169.024277 -0.010258 0.999816 0.016230 -2.186311 -0.986554 -0.012767 0.162934 -31.642242
0.195105 -0.015265 0.980663 170.150803 -0.014942 0.999717 0.018534 -2.189672 -0.980668 -0.018270 0.194822 -31.389036
0.210487 -0.016678 0.977454 170.874878 -0.020496 0.999559 0.021468 -2.193574 -0.977382 -0.024553 0.210052 -31.217541
0.223317 -0.020925 0.974521 171.521332 -0.017062 0.999532 0.025372 -2.193105 -0.974596 -0.022293 0.222856 -31.086866
0.233852 -0.023026 0.972000 172.137238 -0.013160 0.999553 0.026845 -2.207842 -0.972183 -0.019070 0.233444 -30.951090
0.243638 -0.020657 0.969646 172.732788 -0.014904 0.999575 0.025039 -2.227211 -0.969752 -0.020552 0.243227 -30.784737
0.252673 -0.015476 0.967428 173.317505 -0.015457 0.999680 0.020029 -2.240279 -0.967428 -0.020014 0.252353 -30.619764
0.269405 0.001035 0.963026 174.396225 -0.012806 0.999915 0.002508 -2.230464 -0.962942 -0.013008 0.269396 -30.324551
0.276847 0.002389 0.960911 175.062424 -0.014337 0.999896 0.001645 -2.206509 -0.960807 -0.014232 0.276853 -30.135990
0.282989 -0.002038 0.959121 175.680283 -0.020097 0.999766 0.008054 -2.196291 -0.958912 -0.021554 0.282882 -29.938068
0.288279 -0.011088 0.957482 176.312531 -0.025957 0.999475 0.019389 -2.201349 -0.957195 -0.030442 0.287840 -29.729801
0.290723 -0.020186 0.956594 176.942001 -0.024933 0.999278 0.028664 -2.216457 -0.956482 -0.032184 0.290009 -29.550280
0.291112 -0.024168 0.956384 177.563278 -0.019060 0.999336 0.031055 -2.250669 -0.956499 -0.027269 0.290458 -29.370815
0.293701 -0.022071 0.955642 178.717072 -0.012221 0.999565 0.026842 -2.238798 -0.955819 -0.019562 0.293304 -29.033592
0.295511 -0.022973 0.955063 179.379562 -0.014609 0.999485 0.028562 -2.210608 -0.955228 -0.022393 0.295023 -28.826338
0.297986 -0.026350 0.954207 180.005997 -0.015150 0.999362 0.032328 -2.207035 -0.954450 -0.024090 0.297397 -28.619642
0.301365 -0.031266 0.952996 180.638992 -0.014343 0.999201 0.037318 -2.201269 -0.953401 -0.024915 0.300676 -28.424639
0.305049 -0.034818 0.951700 181.271576 -0.012753 0.999092 0.040640 -2.202630 -0.952251 -0.024534 0.304328 -28.220158
0.310825 -0.037098 0.949743 181.908890 -0.010414 0.999045 0.042432 -2.191925 -0.950410 -0.023080 0.310142 -28.027222
0.327502 -0.042958 0.943873 183.126801 -0.005056 0.998872 0.047215 -2.168442 -0.944837 -0.020235 0.326915 -27.606451
0.338675 -0.041468 0.939989 183.780273 -0.006343 0.998905 0.046353 -2.171825 -0.940882 -0.021660 0.338041 -27.358715
0.349741 -0.038086 0.936072 184.393051 -0.006508 0.999050 0.043080 -2.159632 -0.936824 -0.021158 0.349161 -27.125565
0.372810 -0.033078 0.927318 185.583771 -0.006068 0.999256 0.038084 -2.112938 -0.927888 -0.019825 0.372332 -26.641569
0.395391 -0.036893 0.917771 186.855347 -0.006134 0.999065 0.042804 -2.088413 -0.918492 -0.022554 0.394795 -26.082054
0.406814 -0.036610 0.912777 187.519318 -0.009353 0.998977 0.044235 -2.079368 -0.913463 -0.026533 0.406055 -25.786015
0.416546 -0.037243 0.908351 188.125412 -0.012467 0.998833 0.046669 -2.054568 -0.909029 -0.030764 0.415596 -25.490580
0.428244 -0.037816 0.902872 189.358658 -0.016156 0.998644 0.049491 -2.004652 -0.903519 -0.035781 0.427052 -24.902184
0.430066 -0.041489 0.901844 191.255569 -0.007176 0.998755 0.049370 -1.952616 -0.902769 -0.027703 0.429232 -24.022245
0.429108 -0.041959 0.902278 192.606796 -0.000662 0.998906 0.046767 -1.893940 -0.903253 -0.020665 0.428611 -23.410124
0.428491 -0.046786 0.902334 193.310760 0.001790 0.998700 0.050933 -1.866694 -0.903544 -0.020209 0.428018 -23.085783
0.427476 -0.050493 0.902615 193.983887 0.002389 0.998499 0.054725 -1.857413 -0.904023 -0.021238 0.426955 -22.763206
0.424585 -0.053768 0.903790 195.334290 0.002468 0.998300 0.058231 -1.805743 -0.905385 -0.022493 0.423996 -22.116508
0.421186 -0.053333 0.905405 196.699448 0.000397 0.998280 0.058619 -1.762769 -0.906974 -0.024330 0.420483 -21.468300
0.419993 -0.050969 0.906095 197.398758 0.001997 0.998471 0.055240 -1.739142 -0.907525 -0.021391 0.419453 -21.144737
0.418618 -0.044676 0.907063 199.124802 -0.002835 0.998720 0.050499 -1.668301 -0.908158 -0.023711 0.417955 -20.311066
0.416618 -0.047097 0.907861 199.990845 -0.004634 0.998534 0.053928 -1.650497 -0.909070 -0.026674 0.415789 -19.907799
0.409788 -0.046549 0.910992 201.322098 -0.011056 0.998370 0.055987 -1.611900 -0.912114 -0.033015 0.408606 -19.267378
0.393880 -0.047964 0.917909 202.692963 -0.010583 0.998335 0.056708 -1.552757 -0.919101 -0.032050 0.392717 -18.659880
0.383627 -0.047487 0.922266 203.415024 -0.007820 0.998474 0.054664 -1.531525 -0.923455 -0.028183 0.382671 -18.364428
0.361862 -0.044566 0.931166 204.744751 -0.012868 0.998523 0.052790 -1.486652 -0.932143 -0.031085 0.360754 -17.813972
0.342674 -0.061091 0.937466 206.184601 -0.005738 0.997729 0.067115 -1.438955 -0.939437 -0.028377 0.341546 -17.297554
0.335451 -0.066755 0.939689 206.959259 -0.005755 0.997322 0.072904 -1.417505 -0.942040 -0.029864 0.334169 -17.013176
0.331678 -0.067984 0.940940 207.650177 -0.010085 0.997088 0.075596 -1.385783 -0.943339 -0.034563 0.330026 -16.751026
0.327784 -0.070509 0.942118 209.045547 -0.007157 0.996997 0.077106 -1.295204 -0.944726 -0.032017 0.326295 -16.278152
0.326786 -0.069313 0.942553 209.794540 -0.007815 0.997075 0.076032 -1.269076 -0.945066 -0.032212 0.325288 -16.009544
0.327360 -0.067654 0.942475 211.179245 -0.012187 0.997048 0.075804 -1.177635 -0.944821 -0.036301 0.325569 -15.516947
0.330083 -0.070077 0.941347 212.639038 -0.011541 0.996866 0.078257 -1.088829 -0.943881 -0.036695 0.328240 -15.006029
0.332053 -0.071404 0.940554 213.418091 -0.007835 0.996888 0.078447 -1.047890 -0.943228 -0.033418 0.330460 -14.744901
0.338843 -0.074071 0.937923 214.841583 -0.009183 0.996588 0.082022 -0.966941 -0.940798 -0.036405 0.337006 -14.233928
0.348723 -0.081633 0.933664 216.331116 -0.010034 0.995817 0.090815 -0.861250 -0.937172 -0.041038 0.346445 -13.680124
0.353501 -0.082101 0.931824 217.132706 -0.010213 0.995743 0.091607 -0.813378 -0.935378 -0.041900 0.351158 -13.379434
0.361767 -0.073849 0.929339 218.500305 -0.016132 0.996212 0.085443 -0.724199 -0.932129 -0.045902 0.359205 -12.823846
0.366874 -0.068989 0.927709 219.277298 -0.022813 0.996279 0.083110 -0.670716 -0.929991 -0.051655 0.363935 -12.487775
0.370914 -0.068832 0.926113 220.010895 -0.023721 0.996222 0.083543 -0.614508 -0.928364 -0.052955 0.367880 -12.198942
0.374808 -0.067751 0.924624 220.727432 -0.023700 0.996300 0.082610 -0.569526 -0.926800 -0.052877 0.371815 -11.893336
0.378471 -0.064590 0.923357 221.448914 -0.025382 0.996463 0.080107 -0.521009 -0.925265 -0.053755 0.375493 -11.594362
0.383166 -0.063391 0.921502 222.173157 -0.026842 0.996457 0.079709 -0.475729 -0.923289 -0.055277 0.380107 -11.275129
0.390650 -0.065323 0.918219 223.457047 -0.023649 0.996438 0.080949 -0.398505 -0.920236 -0.053338 0.387713 -10.747572
0.395317 -0.065514 0.916205 224.281097 -0.019658 0.996621 0.079746 -0.344820 -0.918334 -0.049536 0.392694 -10.398869
0.399626 -0.063482 0.914477 225.028534 -0.021130 0.996696 0.078424 -0.311094 -0.916435 -0.050663 0.396964 -10.069914
0.404049 -0.063201 0.912552 225.762039 -0.024388 0.996511 0.079815 -0.257275 -0.914412 -0.054504 0.401098 -9.727305
0.411281 -0.062050 0.909394 226.991669 -0.024069 0.996593 0.078886 -0.178332 -0.911191 -0.054333 0.408387 -9.187120
0.415701 -0.056478 0.907746 227.813095 -0.022606 0.997120 0.072391 -0.141897 -0.909221 -0.050614 0.413227 -8.789467
0.418914 -0.049632 0.906669 228.526947 -0.027888 0.997331 0.067480 -0.109689 -0.907598 -0.053553 0.416411 -8.440713
0.424003 -0.055434 0.903963 229.838409 -0.039016 0.996080 0.079383 -0.008391 -0.904820 -0.068928 0.420178 -7.795053
0.426354 -0.066966 0.902074 230.719666 -0.036838 0.995143 0.091286 0.040410 -0.903806 -0.072151 0.421817 -7.386719
0.428201 -0.075744 0.900504 231.476547 -0.036169 0.994246 0.100828 0.093654 -0.902959 -0.075745 0.422998 -7.024347
0.432177 -0.078480 0.898367 232.753632 -0.029539 0.994439 0.101084 0.194811 -0.901305 -0.070223 0.427456 -6.442923
0.436632 -0.072798 0.896690 233.552643 -0.028622 0.995092 0.094724 0.259200 -0.899185 -0.067025 0.432405 -6.052139
0.440747 -0.067714 0.895074 234.275711 -0.029185 0.995542 0.089685 0.321648 -0.897157 -0.065651 0.436806 -5.689124
0.447649 -0.063981 0.891918 235.565918 -0.026728 0.996034 0.084864 0.415529 -0.893810 -0.061828 0.444163 -5.058744
0.455201 -0.066626 0.887892 237.018768 -0.029185 0.995544 0.089666 0.525712 -0.889910 -0.066729 0.451228 -4.298893
0.459095 -0.071988 0.885466 237.827286 -0.028007 0.995043 0.095418 0.586001 -0.887946 -0.068606 0.454803 -3.868120
0.461586 -0.078304 0.883633 238.566101 -0.024333 0.994604 0.100849 0.642295 -0.886762 -0.068052 0.457190 -3.490251
0.463170 -0.083372 0.882339 239.301971 -0.023584 0.994054 0.106308 0.704797 -0.885956 -0.070047 0.458449 -3.104577
0.465929 -0.092419 0.879983 240.632797 -0.018743 0.993276 0.114241 0.840252 -0.884624 -0.069722 0.461064 -2.436781
0.468280 -0.082204 0.879748 241.397995 -0.025747 0.993971 0.106582 0.910408 -0.883205 -0.072561 0.463340 -2.000609
0.469584 -0.061301 0.880757 242.742706 -0.029148 0.995966 0.084860 1.035580 -0.882407 -0.065521 0.465903 -1.251136
0.469664 -0.062229 0.880649 243.522980 -0.029213 0.995871 0.085951 1.093085 -0.882362 -0.066095 0.465907 -0.833829
0.470098 -0.067796 0.880006 244.254623 -0.029725 0.995264 0.092555 1.146422 -0.882113 -0.069668 0.465856 -0.430565
0.471894 -0.070163 0.878859 245.644775 -0.024425 0.995405 0.092582 1.254695 -0.881317 -0.065155 0.468012 0.289446
0.474879 -0.076026 0.876761 247.126175 -0.020974 0.995001 0.097639 1.368925 -0.879801 -0.064755 0.470910 1.079589
0.476241 -0.078164 0.875834 247.880600 -0.021710 0.994692 0.100576 1.429659 -0.879047 -0.066913 0.472016 1.497356
0.476979 -0.077206 0.875517 248.585922 -0.022851 0.994708 0.100165 1.496702 -0.878618 -0.067784 0.472690 1.891513
0.479243 -0.073006 0.874641 249.970016 -0.022402 0.995192 0.095344 1.604392 -0.877396 -0.065287 0.475303 2.644464
0.481133 -0.075111 0.873424 250.727936 -0.019640 0.995149 0.096398 1.668257 -0.876428 -0.063535 0.477324 3.048598
0.487713 -0.079546 0.869373 252.139572 -0.018095 0.994705 0.101165 1.789386 -0.872817 -0.065071 0.483691 3.839318
0.492038 -0.079422 0.866943 252.885910 -0.017213 0.994748 0.100900 1.848920 -0.870403 -0.064570 0.488087 4.257344
0.495713 -0.078037 0.864973 253.593353 -0.017490 0.994856 0.099778 1.907029 -0.868310 -0.064590 0.491798 4.658697
0.504941 -0.070132 0.860300 254.959381 -0.020000 0.995476 0.092890 2.030911 -0.862922 -0.064109 0.501253 5.470795
0.511903 -0.069570 0.856222 255.705322 -0.015654 0.995794 0.090270 2.093294 -0.858901 -0.059613 0.508661 5.895647
0.520503 -0.069628 0.851016 256.413269 -0.012870 0.995917 0.089354 2.145508 -0.853763 -0.057462 0.517482 6.325481
0.530069 -0.072421 0.844856 257.129883 -0.006649 0.995961 0.089545 2.198473 -0.847928 -0.053083 0.527447 6.760054
0.555042 -0.073554 0.828564 258.496399 -0.003140 0.995890 0.090511 2.307654 -0.831816 -0.052839 0.552530 7.680584
0.567903 -0.077095 0.819477 259.216400 -0.000727 0.995556 0.094164 2.365703 -0.823096 -0.054071 0.565323 8.173922
0.580354 -0.079485 0.810476 259.883148 -0.000778 0.995171 0.098156 2.418751 -0.814364 -0.057595 0.577490 8.667594
0.600116 -0.072862 0.796587 261.163147 -0.008399 0.995214 0.097357 2.526681 -0.799869 -0.065116 0.596632 9.663069
0.606358 -0.067872 0.792290 261.819153 -0.012852 0.995384 0.095106 2.596386 -0.795088 -0.067851 0.602687 10.170354
0.608607 -0.064033 0.790884 262.456268 -0.017763 0.995389 0.094260 2.654435 -0.793273 -0.071416 0.604664 10.675336
0.600483 -0.051933 0.797949 263.688507 -0.032113 0.995518 0.088958 2.756108 -0.798992 -0.079042 0.596124 11.670161
0.591127 -0.046535 0.805235 264.351440 -0.036462 0.995772 0.084313 2.825562 -0.805754 -0.079200 0.586931 12.177939
0.580265 -0.046662 0.813090 265.008606 -0.034436 0.996059 0.081737 2.873977 -0.813699 -0.075428 0.576372 12.638900
0.570300 -0.051052 0.819849 265.702484 -0.031178 0.996002 0.083709 2.925230 -0.820845 -0.073300 0.566428 13.112223
0.560826 -0.050344 0.826402 266.374115 -0.036040 0.995719 0.085117 2.971226 -0.827149 -0.077519 0.556610 13.594113
0.551951 -0.053101 0.832184 267.055206 -0.033217 0.995778 0.085572 3.026770 -0.833215 -0.074874 0.547857 14.047107
0.534693 -0.054783 0.843269 268.410248 -0.027379 0.996249 0.082082 3.119251 -0.844603 -0.066977 0.531187 14.900056
0.527022 -0.052284 0.848242 269.126770 -0.031170 0.996245 0.080773 3.159643 -0.849280 -0.069009 0.523413 15.370507
0.520745 -0.052338 0.852106 269.835358 -0.034530 0.996011 0.082279 3.205791 -0.853013 -0.072269 0.516861 15.815804
0.511532 -0.059472 0.857204 271.254028 -0.039943 0.994878 0.092859 3.322108 -0.858335 -0.081740 0.506536 16.686380
0.507687 -0.063939 0.859166 272.034363 -0.038380 0.994574 0.096695 3.383494 -0.860686 -0.082066 0.502478 17.141691
0.502599 -0.053391 0.862869 273.408630 -0.042029 0.995402 0.086072 3.514984 -0.863497 -0.079525 0.498044 17.979696
0.500500 -0.042569 0.864689 274.124176 -0.045225 0.996141 0.075217 3.559899 -0.864554 -0.076752 0.496644 18.413225
0.497730 -0.033848 0.866671 275.516602 -0.050886 0.996377 0.068138 3.645682 -0.865838 -0.078016 0.494205 19.254751
0.496995 -0.036494 0.866986 276.282501 -0.052596 0.996011 0.072076 3.692399 -0.866158 -0.081421 0.493093 19.707748
0.496757 -0.039576 0.866987 277.015808 -0.050789 0.995922 0.074562 3.733994 -0.866402 -0.081072 0.492721 20.113512
0.499071 -0.045124 0.865386 278.484436 -0.046845 0.995778 0.078939 3.822562 -0.865294 -0.079935 0.494850 20.957005
0.502801 -0.046070 0.863174 279.258423 -0.045667 0.995768 0.079748 3.875038 -0.863195 -0.079515 0.498569 21.406492
0.509662 -0.046184 0.859134 280.678741 -0.045462 0.995718 0.080496 3.966028 -0.859173 -0.080084 0.505380 22.228634
0.513539 -0.044969 0.856887 281.453094 -0.047566 0.995598 0.080755 4.023230 -0.856747 -0.082230 0.509140 22.705364
0.518003 -0.042235 0.854336 282.194641 -0.048484 0.995725 0.078622 4.074290 -0.854004 -0.082147 0.513741 23.160049
0.526391 -0.038728 0.849360 283.577942 -0.042978 0.996473 0.072071 4.160083 -0.849156 -0.074441 0.522870 23.964056
0.533013 -0.036030 0.845339 284.375916 -0.043667 0.996590 0.070010 4.201884 -0.844979 -0.074230 0.529623 24.482237
0.546718 -0.038222 0.836444 285.827209 -0.047272 0.995955 0.076409 4.299074 -0.835982 -0.081315 0.542700 25.418615
0.554091 -0.042756 0.831358 286.613953 -0.048146 0.995363 0.083279 4.350412 -0.831063 -0.086171 0.549463 25.963839
0.567621 -0.048311 0.821871 288.052399 -0.051159 0.994278 0.093777 4.474547 -0.821699 -0.095276 0.561901 26.973814
0.574776 -0.047643 0.816923 288.839020 -0.047997 0.994622 0.091777 4.534780 -0.816902 -0.091961 0.569398 27.522802
0.589695 -0.035128 0.806862 290.241791 -0.046096 0.995961 0.077050 4.642031 -0.806309 -0.082629 0.585694 28.530308
0.596100 -0.032016 0.802272 290.989990 -0.041562 0.996635 0.070654 4.705136 -0.801834 -0.075460 0.592763 29.078455
0.602796 -0.030725 0.797304 291.716248 -0.0367