1.000000 0.000000 0.000000 0.000000 0.000000 1.000000 0.000000 0.000000 0.000000 0.000000 1.000000 0.000000
0.999881 0.001390 0.015340 -0.015787 -0.001385 0.999999 -0.000303 -0.010410 -0.015341 0.000281 0.999882 0.097188
0.999324 0.003964 0.036551 -0.009048 -0.003979 0.999992 0.000341 -0.010599 -0.036549 -0.000486 0.999332 0.223661
0.994290 -0.000415 0.106714 0.037221 -0.000178 0.999985 0.005545 -0.005994 -0.106715 -0.005532 0.994274 0.479074
0.985869 -0.024596 0.165700 0.258018 0.019318 0.999256 0.033391 -0.075953 -0.166398 -0.029718 0.985611 0.667274
0.974256 -0.029143 0.223552 0.447281 0.020195 0.998905 0.042210 -0.004875 -0.224537 -0.036609 0.973778 0.902047
0.956851 -0.031076 0.288912 0.661158 0.022770 0.999226 0.032067 0.079774 -0.289685 -0.024105 0.956819 1.035848
0.937520 -0.032849 0.346376 0.860228 0.018430 0.998824 0.044841 0.104606 -0.347442 -0.035656 0.937023 1.362577
0.916276 -0.032243 0.399248 1.069262 0.005975 0.997744 0.066864 0.203397 -0.400503 -0.058881 0.914402 1.719265
0.891626 -0.029799 0.451791 1.256533 -0.000476 0.997770 0.066750 0.412365 -0.452772 -0.059731 0.889623 2.011290
0.866923 -0.021893 0.497962 1.414240 0.011985 0.999662 0.023085 0.420157 -0.498299 -0.014045 0.866892 2.133705
0.835953 -0.034896 0.547691 1.784235 0.017404 0.999160 0.037096 0.305597 -0.548525 -0.021479 0.835858 2.316054
0.812558 -0.021807 0.582472 1.930392 -0.002551 0.999157 0.040966 0.333761 -0.582875 -0.034773 0.811817 2.628687
0.799763 -0.020530 0.599964 2.146247 -0.008822 0.998905 0.045941 0.301936 -0.600251 -0.042035 0.798707 2.965198
0.785420 -0.018412 0.618689 2.305912 -0.015992 0.998620 0.050021 0.268955 -0.618756 -0.049182 0.784042 3.323934
