1.000000 0.000000 0.000000 0.000000 0.000000 1.000000 0.000000 0.000000 0.000000 0.000000 1.000000 0.000000
0.999874 0.001135 0.015806 0.013929 -0.001119 0.999999 -0.001046 0.000341 -0.015807 0.001028 0.999875 0.133889
0.999298 0.003921 0.037266 0.031932 -0.003899 0.999992 -0.000667 -0.000164 -0.037268 0.000521 0.999305 0.281311
0.990610 0.002445 0.136693 0.166109 -0.003130 0.999984 0.004797 0.001385 -0.136679 -0.005180 0.990602 0.808809
0.673000 -0.718064 -0.177354 4.130682 0.650806 0.460955 0.603301 -5.374646 -0.351456 -0.521445 0.777543 3.393649
0.622466 -0.765214 -0.164267 4.166295 0.654938 0.394385 0.644606 -5.154993 -0.428477 -0.508830 0.746659 3.624951
0.131566 -0.263841 0.955551 -21.195303 0.005914 0.964122 0.265393 3.644120 -0.991290 -0.029266 0.128406 18.866980
0.022479 -0.273414 0.961634 -17.414677 -0.029347 0.961282 0.274000 4.825711 -0.999316 -0.034381 0.013585 19.958235
-0.120916 -0.283530 0.951310 -11.825152 -0.073395 0.958272 0.276276 6.353981 -0.989946 -0.036416 -0.136680 19.951689
0.028568 -0.789884 -0.612590 5.394957 -0.087356 -0.612469 0.785653 3.045369 -0.995767 0.031069 -0.086498 18.243078
-0.315093 -0.808767 -0.496600 3.911098 -0.158309 -0.471134 0.867739 1.574652 -0.935764 0.352035 0.020416 17.978476
-0.175821 -0.828744 -0.531291 4.534060 -0.246706 -0.485381 0.838773 1.249160 -0.953007 0.278547 -0.119116 19.066191
-0.212040 -0.838874 -0.501328 -0.057426 -0.161021 -0.475991 0.864583 5.083173 -0.963904 0.264051 -0.034146 15.417733
-0.197528 -0.842705 -0.500830 -3.541931 -0.098395 -0.491273 0.865430 10.382334 -0.975347 0.220226 0.014122 12.839109
-0.130077 -0.847402 -0.514771 -3.121254 -0.143584 -0.497610 0.855434 9.373727 -0.981052 0.185185 -0.056946 12.789011
