1.000000 0.000000 0.000000 0.000000 0.000000 1.000000 0.000000 0.000000 0.000000 0.000000 1.000000 0.000000
0.999874 0.001135 0.015806 0.013929 -0.001119 0.999999 -0.001046 0.000341 -0.015807 0.001028 0.999875 0.133889
0.999298 0.003921 0.037266 0.031932 -0.003899 0.999992 -0.000667 -0.000164 -0.037268 0.000521 0.999305 0.281311
0.997903 0.005575 0.064485 0.060410 -0.005616 0.999984 0.000441 0.001708 -0.064482 -0.000802 0.997919 0.436835
0.995128 0.005405 0.098440 0.107240 -0.005690 0.999980 0.002614 0.003136 -0.098424 -0.003161 0.995140 0.622518
0.990561 0.002346 0.137053 0.166163 -0.002987 0.999986 0.004473 0.006796 -0.137041 -0.004840 0.990554 0.826803
0.984205 -0.000540 0.177034 0.243937 -0.000267 0.999990 0.004535 0.014769 -0.177035 -0.004511 0.984194 1.048524
0.975365 -0.000487 0.220597 0.337556 -0.000793 0.999983 0.005714 0.015459 -0.220596 -0.005748 0.975348 1.270015
0.963095 -0.000487 0.269161 0.442787 -0.001745 0.999966 0.008052 0.034094 -0.269156 -0.008224 0.963062 1.534452
0.948457 -0.004158 0.316878 0.593291 -0.000579 0.999889 0.014854 0.041429 -0.316905 -0.014272 0.948350 1.816898
0.931470 -0.013657 0.363563 0.762243 0.005775 0.999724 0.022758 0.039957 -0.363773 -0.019099 0.931292 2.072112
0.909935 -0.018681 0.414330 0.922834 0.008363 0.999608 0.026703 0.050283 -0.414667 -0.020833 0.909735 2.313072
0.884178 -0.019212 0.466756 1.079466 0.005633 0.999520 0.030470 0.059832 -0.467117 -0.024311 0.883861 2.552494
0.855322 -0.021138 0.517665 1.269659 0.003600 0.999386 0.034861 0.068749 -0.518084 -0.027954 0.854873 2.801461
0.822747 -0.025397 0.567840 1.492581 0.004173 0.999244 0.038645 0.085232 -0.568393 -0.029426 0.822231 3.032222
0.786148 -0.030837 0.617269 1.717936 0.006303 0.999103 0.041884 0.089404 -0.618007 -0.029036 0.785637 3.253312
0.747730 -0.034433 0.663109 1.970564 0.006537 0.998988 0.044503 0.099678 -0.663970 -0.028942 0.747199 3.470191
0.707404 -0.037304 0.705825 2.225652 0.007203 0.998935 0.045577 0.108646 -0.706773 -0.027157 0.706919 3.668117
0.665112 -0.038575 0.745747 2.525896 0.005927 0.998906 0.046385 0.128891 -0.746720 -0.026431 0.664613 3.883422
0.622479 -0.038825 0.781673 2.831074 0.001074 0.998810 0.048754 0.136066 -0.782636 -0.029509 0.621780 4.080858
0.580746 -0.039353 0.813133 3.176398 -0.002061 0.998757 0.049808 0.149908 -0.814082 -0.030602 0.579943 4.278525
0.540742 -0.040947 0.840192 3.539003 -0.003194 0.998707 0.050728 0.161550 -0.841183 -0.030114 0.539912 4.466152
0.502465 -0.043169 0.863519 3.936138 -0.004622 0.998604 0.052612 0.174468 -0.864585 -0.030427 0.501564 4.650237
0.465446 -0.042872 0.884037 4.361374 -0.007642 0.998594 0.052450 0.192459 -0.885043 -0.031168 0.464464 4.836468
0.429249 -0.041862 0.902215 4.813665 -0.008616 0.998690 0.050437 0.214016 -0.903145 -0.029423 0.428326 5.015223
0.395895 -0.040401 0.917407 5.289176 -0.007118 0.998867 0.047060 0.236705 -0.918268 -0.025160 0.395158 5.186518
0.366104 -0.039049 0.929754 5.796913 -0.004402 0.999035 0.043693 0.255086 -0.930563 -0.020089 0.365579 5.363846
0.340835 -0.037086 0.939391 6.338375 -0.003261 0.999169 0.040629 0.279802 -0.940117 -0.016911 0.340431 5.536772
0.320873 -0.036650 0.946413 6.909099 -0.001739 0.999227 0.039285 0.301126 -0.947121 -0.014251 0.320561 5.708396
0.306054 -0.037155 0.951289 7.513834 -0.000439 0.999233 0.039169 0.326745 -0.952014 -0.012405 0.305802 5.892060
0.294906 -0.038601 0.954746 8.150785 0.000318 0.999188 0.040300 0.351018 -0.955526 -0.011581 0.294679 6.068843
0.284517 -0.040495 0.957815 8.816484 -0.000884 0.999096 0.042503 0.377092 -0.958671 -0.012940 0.284224 6.242194
0.273850 -0.042288 0.960842 9.493920 -0.001876 0.999008 0.044503 0.404387 -0.961771 -0.013990 0.273499 6.431643
0.263282 -0.044222 0.963705 10.209173 -0.002392 0.998916 0.046491 0.432826 -0.964716 -0.014545 0.262891 6.628905
0.253125 -0.046055 0.966337 10.927537 -0.003549 0.998815 0.048533 0.463159 -0.967427 -0.015714 0.252662 6.811248
0.243032 -0.047661 0.968847 11.676355 -0.003456 0.998743 0.049999 0.493795 -0.970012 -0.015500 0.242562 6.982863
0.232851 -0.049005 0.971277 12.436769 -0.003051 0.998688 0.051119 0.528709 -0.972508 -0.014867 0.232396 7.153101
0.222424 -0.051619 0.973583 13.206196 -0.004443 0.998533 0.053957 0.566691 -0.974940 -0.016327 0.221869 7.324374
0.210979 -0.055287 0.975926 13.991616 -0.005724 0.998312 0.057793 0.602890 -0.977474 -0.017780 0.210306 7.489652
0.199085 -0.059214 0.978192 14.786173 -0.005922 0.998082 0.061623 0.640401 -0.979964 -0.018061 0.198352 7.641341
0.186375 -0.061528 0.980550 15.585932 -0.006545 0.997937 0.063863 0.675619 -0.982457 -0.018320 0.185588 7.782098
0.173025 -0.061649 0.982986 16.394653 -0.006437 0.997947 0.063720 0.719933 -0.984896 -0.017353 0.172273 7.906899
0.158893 -0.060677 0.985429 17.221371 -0.007620 0.998005 0.062680 0.761207 -0.987266 -0.017468 0.158114 8.025322
0.142794 -0.059418 0.987967 18.035061 -0.008126 0.998092 0.061201 0.801731 -0.989719 -0.016767 0.142038 8.128978
0.122983 -0.057835 0.990722 18.864550 -0.009980 0.998178 0.059509 0.838621 -0.992359 -0.017205 0.122182 8.210938
0.097770 -0.056639 0.993596 19.697248 -0.014031 0.998202 0.058282 0.873636 -0.995110 -0.019639 0.096800 8.279050
0.067573 -0.056406 0.996119 20.527388 -0.017792 0.998174 0.057729 0.904342 -0.997556 -0.021624 0.066446 8.329350
0.033911 -0.055898 0.997860 21.343344 -0.020846 0.998178 0.056624 0.941332 -0.999207 -0.022721 0.032684 8.361007
-0.000576 -0.055565 0.998455 22.171453 -0.022770 0.998197 0.055538 0.968589 -0.999741 -0.022702 -0.001840 8.356890
-0.035060 -0.054238 0.997912 22.983875 -0.023420 0.998297 0.053436 0.996332 -0.999111 -0.021497 -0.036271 8.330735
-0.068917 -0.052112 0.996260 23.807850 -0.026011 0.998389 0.050424 1.026566 -0.997283 -0.022439 -0.070161 8.281810
-0.102080 -0.049334 0.993552 24.629553 -0.028390 0.998507 0.046663 1.049785 -0.994371 -0.023443 -0.103329 8.202025
-0.135068 -0.044606 0.989832 25.459301 -0.025568 0.998810 0.041521 1.072574 -0.990506 -0.019699 -0.136048 8.087037
-0.167256 -0.038149 0.985175 26.304787 -0.020564 0.999169 0.035200 1.099082 -0.985699 -0.014372 -0.167902 7.936694
-0.197842 -0.031541 0.979726 27.127474 -0.014077 0.999471 0.029334 1.113499 -0.980133 -0.007988 -0.198181 7.756402
-0.227473 -0.025379 0.973454 27.944508 -0.008011 0.999675 0.024190 1.125942 -0.973751 -0.002295 -0.227602 7.557543
-0.255223 -0.019187 0.966692 28.761301 0.000597 0.999800 0.020002 1.129949 -0.966882 0.005682 -0.255161 7.318941
-0.281315 -0.008757 0.959575 29.563311 0.006006 0.999923 0.010886 1.128269 -0.959597 0.008826 -0.281241 7.065847
-0.306366 0.007561 0.951884 30.369631 0.011844 0.999921 -0.004131 1.120022 -0.951840 0.010009 -0.306431 6.784538
-0.331232 0.025113 0.943215 31.149202 0.012887 0.999673 -0.022091 1.103007 -0.943461 0.004838 -0.331448 6.501515
-0.356332 0.039950 0.933505 31.910215 0.012981 0.999201 -0.037806 1.076009 -0.934269 -0.001354 -0.356565 6.207031
-0.380735 0.050852 0.923285 32.678608 0.017673 0.998704 -0.047718 1.035913 -0.924515 -0.001851 -0.381140 5.883504
-0.404391 0.054886 0.912938 33.429497 0.020430 0.998491 -0.050980 0.986031 -0.914358 -0.001964 -0.404902 5.538363
-0.426164 0.054803 0.902985 34.165005 0.024641 0.998496 -0.048971 0.935226 -0.904310 0.001381 -0.426873 5.159963
-0.446098 0.050666 0.893549 34.871895 0.028439 0.998695 -0.042430 0.887587 -0.894532 0.006484 -0.446956 4.779585
-0.463141 0.049785 0.884885 35.565517 0.036153 0.998651 -0.037264 0.842483 -0.885547 0.014733 -0.464316 4.375534
-0.476618 0.050418 0.877664 36.208012 0.038802 0.998588 -0.036293 0.803440 -0.878254 0.016758 -0.477901 3.994561
-0.487310 0.054725 0.871513 36.835579 0.042744 0.998333 -0.038788 0.768976 -0.872183 0.018350 -0.488836 3.613070
-0.496585 0.057755 0.866064 37.470203 0.044086 0.998174 -0.041287 0.732134 -0.866868 0.017678 -0.498225 3.215795
-0.506631 0.057173 0.860265 38.081318 0.038704 0.998301 -0.043553 0.685143 -0.861294 0.011230 -0.507983 2.822320
-0.517576 0.055931 0.853807 38.735672 0.038630 0.998371 -0.041984 0.641313 -0.854765 0.011253 -0.518894 2.411296
-0.525804 0.056992 0.848695 39.374279 0.039106 0.998318 -0.042811 0.614026 -0.849707 0.010679 -0.527148 1.984564
-0.532579 0.060475 0.844217 40.018246 0.042219 0.998101 -0.044865 0.579819 -0.845327 0.011748 -0.534120 1.555972
-0.535797 0.063464 0.841959 40.670506 0.042873 0.997930 -0.047938 0.545260 -0.843258 0.010412 -0.537408 1.128441
-0.535145 0.065507 0.842216 41.357208 0.042331 0.997816 -0.050712 0.501542 -0.843699 0.008514 -0.536749 0.676631
-0.531769 0.065642 0.844342 42.072823 0.043625 0.997791 -0.050097 0.459422 -0.845765 0.010195 -0.533458 0.220256
-0.526146 0.064213 0.847966 42.828926 0.041341 0.997898 -0.049915 0.406135 -0.849388 0.008793 -0.527695 -0.240236
-0.518910 0.063276 0.852484 43.584595 0.039738 0.997964 -0.049886 0.358773 -0.853905 0.007990 -0.520368 -0.705907
-0.511946 0.062736 0.856724 44.363647 0.037822 0.998009 -0.050481 0.311280 -0.858185 0.006559 -0.513299 -1.168779
-0.505516 0.061074 0.860653 45.145374 0.034750 0.998123 -0.050418 0.252333 -0.862117 0.004420 -0.506690 -1.628087
-0.501422 0.059434 0.863159 45.949413 0.031359 0.998231 -0.050517 0.200917 -0.864635 0.001737 -0.502398 -2.087429
-0.500068 0.056346 0.864151 46.771984 0.025525 0.998406 -0.050329 0.153249 -0.865610 -0.003110 -0.500710 -2.555735
-0.500413 0.054023 0.864100 47.601276 0.023177 0.998530 -0.049005 0.092858 -0.865477 -0.004496 -0.500929 -3.032904
-0.501368 0.052739 0.863625 48.439301 0.021457 0.998592 -0.048524 0.037515 -0.864968 -0.005798 -0.501794 -3.510929
-0.501796 0.051721 0.863438 49.304180 0.020396 0.998641 -0.047967 -0.017098 -0.864746 -0.006459 -0.502168 -4.013623
-0.501695 0.051292 0.863523 50.177204 0.020561 0.998666 -0.047374 -0.079309 -0.864800 -0.006013 -0.502080 -4.525812
-0.501953 0.049993 0.863449 51.042400 0.020032 0.998732 -0.046181 -0.139741 -0.864663 -0.005884 -0.502318 -5.024577
-0.501668 0.049907 0.863619 51.937031 0.020237 0.998738 -0.045960 -0.201839 -0.864823 -0.005579 -0.502045 -5.549767
-0.501779 0.048468 0.863637 52.809952 0.018189 0.998799 -0.045485 -0.249936 -0.864804 -0.007114 -0.502059 -6.063864
-0.501740 0.047862 0.863693 53.711559 0.017361 0.998824 -0.045265 -0.304525 -0.864844 -0.007717 -0.501981 -6.591868
-0.501144 0.047200 0.864075 54.590992 0.016439 0.998850 -0.045028 -0.371559 -0.865208 -0.008361 -0.501344 -7.107514
-0.499997 0.045692 0.864821 55.461632 0.016127 0.998925 -0.043454 -0.433879 -0.865877 -0.007779 -0.500196 -7.610893
-0.497991 0.043900 0.866071 56.336708 0.017376 0.999022 -0.040648 -0.496330 -0.867008 -0.005194 -0.498267 -8.114035
-0.495413 0.043051 0.867590 57.203953 0.017743 0.999064 -0.039443 -0.543815 -0.868476 -0.004147 -0.495714 -8.620602
-0.493104 0.042722 0.868921 58.097439 0.017269 0.999077 -0.039321 -0.597897 -0.869799 -0.004384 -0.493387 -9.122850
-0.491165 0.043572 0.869976 58.974644 0.018232 0.999044 -0.039742 -0.646771 -0.870876 -0.003659 -0.491489 -9.617818
-0.490171 0.044470 0.870491 59.807907 0.019675 0.999008 -0.039956 -0.706631 -0.871404 -0.002458 -0.490560 -10.110437
-0.491242 0.046094 0.869802 60.671654 0.019786 0.998932 -0.041762 -0.762956 -0.870798 -0.003306 -0.491629 -10.607116
-0.494177 0.048252 0.868021 61.560860 0.019457 0.998822 -0.044446 -0.825368 -0.869143 -0.005076 -0.494534 -11.115407
-0.497949 0.049805 0.865775 62.399120 0.020306 0.998745 -0.045775 -0.884941 -0.866969 -0.005213 -0.498335 -11.629540
-0.503983 0.049051 0.862320 63.271080 0.022466 0.998793 -0.043684 -0.938102 -0.863421 -0.002644 -0.504476 -12.129664
-0.510333 0.047427 0.858668 64.143494 0.024693 0.998875 -0.040496 -0.992596 -0.859622 0.000537 -0.510930 -12.636813
-0.515752 0.045512 0.855528 65.007469 0.023119 0.998964 -0.039206 -1.046763 -0.856426 -0.000442 -0.516270 -13.157714
-0.521115 0.049187 0.852068 65.873924 0.025458 0.998790 -0.042087 -1.101352 -0.853107 -0.000240 -0.521736 -13.681725
-0.526079 0.051350 0.848884 66.705688 0.026595 0.998681 -0.043929 -1.152046 -0.850020 -0.000534 -0.526750 -14.198582
-0.530615 0.052710 0.845972 67.553223 0.026076 0.998607 -0.045864 -1.211233 -0.847212 -0.002276 -0.531251 -14.736593
-0.534855 0.052672 0.843301 68.395828 0.024471 0.998602 -0.046852 -1.269165 -0.844589 -0.004422 -0.535396 -15.264486
-0.537942 0.052057 0.841373 69.225365 0.025697 0.998640 -0.045357 -1.332165 -0.842590 -0.002779 -0.538548 -15.802604
-0.540016 0.045315 0.840434 70.064064 0.026782 0.998969 -0.036654 -1.386251 -0.841229 0.002715 -0.540672 -16.356186
-0.541907 0.036982 0.839625 70.886292 0.026618 0.999285 -0.026835 -1.435373 -0.840017 0.007806 -0.542504 -16.897791
-0.543737 0.034895 0.838530 71.689957 0.026462 0.999351 -0.024428 -1.478908 -0.838838 0.008907 -0.544308 -17.409098
-0.545476 0.038485 0.837243 72.467545 0.024413 0.999251 -0.030027 -1.514591 -0.837771 0.004060 -0.546007 -17.888144
-0.546252 0.044614 0.836432 73.259216 0.024719 0.999004 -0.037142 -1.547891 -0.837256 0.000387 -0.546811 -18.418413
-0.546400 0.047999 0.836148 74.064781 0.028400 0.998844 -0.038779 -1.582583 -0.837043 0.002557 -0.547131 -18.961596
-0.546318 0.048469 0.836174 74.837830 0.029450 0.998819 -0.038656 -1.621204 -0.837060 0.003506 -0.547100 -19.477262
-0.546116 0.044642 0.836519 75.609718 0.027298 0.998997 -0.035491 -1.666897 -0.837265 0.003453 -0.546787 -19.976131
-0.545146 0.039803 0.837396 76.378113 0.025459 0.999198 -0.030920 -1.706516 -0.837955 0.004463 -0.545721 -20.491062
-0.544518 0.032366 0.838124 77.157364 0.020999 0.999468 -0.024954 -1.748309 -0.838486 0.004012 -0.544908 -20.994486
-0.544508 0.026330 0.838342 77.943657 0.011254 0.999647 -0.024086 -1.781257 -0.838680 -0.003680 -0.544612 -21.489420
-0.543193 0.021560 0.839331 78.724701 0.004207 0.999728 -0.022957 -1.810994 -0.839598 -0.008939 -0.543135 -21.980307
-0.541000 0.021934 0.840737 79.490379 0.006611 0.999740 -0.021828 -1.846376 -0.840997 -0.006251 -0.541004 -22.481577
-0.538566 0.025130 0.842208 80.222061 0.009790 0.999674 -0.023567 -1.876413 -0.842526 -0.004447 -0.538637 -22.939316
-0.533468 0.028278 0.845347 80.990707 0.011626 0.999592 -0.026101 -1.911055 -0.845740 -0.004096 -0.533579 -23.419439
-0.525177 0.030737 0.850438 81.767319 0.016973 0.999527 -0.025644 -1.949006 -0.850824 0.000967 -0.525451 -23.917807
-0.517161 0.034313 0.855200 82.551773 0.023771 0.999386 -0.025723 -1.983138 -0.855558 0.007026 -0.517659 -24.396406
-0.507647 0.033178 0.860926 83.330605 0.019804 0.999444 -0.026839 -2.006855 -0.861338 0.003425 -0.508022 -24.839769
-0.497698 0.030585 0.866811 84.104820 0.016119 0.999532 -0.026013 -2.033937 -0.867201 0.001026 -0.497958 -25.251989
-0.486623 0.026889 0.873198 84.860931 0.014320 0.999637 -0.022802 -2.061676 -0.873495 0.001408 -0.486832 -25.664661
-0.476386 0.025418 0.878869 85.624695 0.010217 0.999675 -0.023374 -2.082343 -0.879177 -0.002156 -0.476491 -26.050371
-0.465150 0.024465 0.884894 86.373901 0.009022 0.999697 -0.022897 -2.105040 -0.885186 -0.002667 -0.465230 -26.429399
-0.453195 0.025386 0.891050 87.108940 0.009539 0.999675 -0.023629 -2.138497 -0.891360 -0.002209 -0.453290 -26.800646
-0.441183 0.028986 0.896949 87.875069 0.007500 0.999562 -0.028613 -2.172907 -0.897386 -0.005896 -0.441208 -27.171095
-0.430052 0.037627 0.902020 88.647881 0.006577 0.999235 -0.038547 -2.195278 -0.902780 -0.010645 -0.429970 -27.531137
-0.418107 0.041452 0.907452 89.415794 0.002201 0.999002 -0.044620 -2.218923 -0.908395 -0.016659 -0.417781 -27.870749
-0.406598 0.037147 0.912852 90.223846 -0.003921 0.999093 -0.042404 -2.252959 -0.913599 -0.020821 -0.406083 -28.224407
-0.395184 0.032564 0.918025 90.978882 -0.010695 0.999141 -0.040045 -2.279695 -0.918540 -0.025643 -0.394496 -28.540720
-0.386024 0.032863 0.921903 91.788094 -0.015726 0.998986 -0.042195 -2.323050 -0.922355 -0.030786 -0.385115 -28.867546
-0.378499 0.036600 0.924878 92.598099 -0.026187 0.998394 -0.050226 -2.351175 -0.925231 -0.043230 -0.376933 -29.220314
-0.373717 0.040957 0.926638 93.398376 -0.034309 0.997731 -0.057936 -2.395053 -0.926908 -0.053444 -0.371464 -29.547699
-0.370318 0.042789 0.927919 94.174774 -0.038794 0.997355 -0.061473 -2.446486 -0.928095 -0.058762 -0.367678 -29.860825
-0.366698 0.042776 0.929356 94.999870 -0.040011 0.997293 -0.061690 -2.508040 -0.929479 -0.059806 -0.363994 -30.184044
-0.361916 0.043125 0.931213 95.791054 -0.041454 0.997197 -0.062292 -2.558871 -0.931289 -0.061147 -0.359114 -30.493898
-0.355943 0.039053 0.933691 96.630203 -0.044273 0.997300 -0.058592 -2.620549 -0.933458 -0.062193 -0.353253 -30.813807
-0.350678 0.035253 0.935832 97.445869 -0.045204 0.997489 -0.054515 -2.679474 -0.935404 -0.061421 -0.348204 -31.115507
-0.344813 0.032458 0.938110 98.276482 -0.047044 0.997548 -0.051806 -2.739712 -0.937492 -0.061996 -0.342441 -31.424055
-0.339351 0.030888 0.940153 99.100517 -0.055227 0.997082 -0.052692 -2.794021 -0.939037 -0.069803 -0.336655 -31.706467
-0.333172 0.031280 0.942347 99.942657 -0.062288 0.996536 -0.055101 -2.847460 -0.940806 -0.077055 -0.330070 -31.989105
-0.325724 0.035850 0.944785 100.767357 -0.060558 0.996438 -0.058688 -2.905484 -0.943524 -0.076330 -0.322393 -32.287075
-0.318520 0.039588 0.947089 101.586700 -0.058281 0.996419 -0.061251 -2.962685 -0.946123 -0.074706 -0.315073 -32.570889
-0.311871 0.037921 0.949367 102.444649 -0.058828 0.996515 -0.059129 -3.023730 -0.948301 -0.074290 -0.308554 -32.849487
-0.304327 0.033428 0.951981 103.289772 -0.059021 0.996802 -0.053870 -3.084710 -0.950737 -0.072580 -0.301381 -33.129642
-0.297136 0.030792 0.954339 104.136093 -0.059922 0.996908 -0.050823 -3.147077 -0.952953 -0.072287 -0.294372 -33.399357
-0.291102 0.034130 0.956083 104.987450 -0.062088 0.996583 -0.054480 -3.207455 -0.954675 -0.075221 -0.287988 -33.651455
-0.283703 0.037099 0.958194 105.820747 -0.061706 0.996474 -0.056851 -3.265488 -0.956925 -0.075255 -0.280414 -33.917107
-0.276647 0.037877 0.960225 106.655693 -0.063908 0.996286 -0.057712 -3.321257 -0.958844 -0.077332 -0.273199 -34.165291
-0.268911 0.037287 0.962443 107.478012 -0.065992 0.996189 -0.057033 -3.371984 -0.960901 -0.078851 -0.265426 -34.417740
-0.260300 0.037123 0.964814 108.295372 -0.062932 0.996483 -0.055321 -3.428908 -0.963475 -0.075118 -0.257049 -34.670471
-0.250862 0.038738 0.967247 109.050362 -0.059985 0.996657 -0.055474 -3.477791 -0.966162 -0.071937 -0.247700 -34.921387
-0.243266 0.039576 0.969152 109.871361 -0.060143 0.996629 -0.055795 -3.527230 -0.968093 -0.071860 -0.240066 -35.160164
-0.235684 0.038848 0.971053 110.700737 -0.066144 0.996242 -0.055910 -3.578103 -0.969576 -0.077407 -0.232229 -35.383339
-0.228157 0.037715 0.972894 111.528923 -0.072276 0.995836 -0.055554 -3.613447 -0.970938 -0.082992 -0.224481 -35.620823
-0.220977 0.038968 0.974500 112.320587 -0.072018 0.995821 -0.056152 -3.634655 -0.972616 -0.082590 -0.217247 -35.863960
-0.214533 0.039579 0.975914 113.140625 -0.073341 0.995705 -0.056504 -3.672771 -0.973959 -0.083696 -0.210709 -36.085495
-0.208207 0.041101 0.977221 113.984978 -0.074701 0.995530 -0.057787 -3.716164 -0.975228 -0.085031 -0.204206 -36.304668
-0.200331 0.040878 0.978875 114.827019 -0.069435 0.996024 -0.055804 -3.762297 -0.977265 -0.079147 -0.196696 -36.526119
-0.193255 0.040080 0.980330 115.675522 -0.064888 0.996456 -0.053531 -3.798926 -0.979001 -0.073957 -0.189969 -36.751629
-0.187404 0.039912 0.981472 116.523087 -0.064360 0.996528 -0.052814 -3.845731 -0.980172 -0.073065 -0.184184 -36.941254
-0.181703 0.042264 0.982445 117.366150 -0.068302 0.996121 -0.055485 -3.881220 -0.980979 -0.077185 -0.178111 -37.130505
-0.176782 0.044393 0.983248 118.166145 -0.073734 0.995578 -0.058207 -3.914203 -0.981484 -0.082789 -0.172727 -37.303848
-0.174814 0.044396 0.983600 119.022041 -0.075850 0.995407 -0.058410 -3.969533 -0.981676 -0.084817 -0.170643 -37.451454
-0.173315 0.043823 0.983891 119.900581 -0.079375 0.995138 -0.058306 -4.006305 -0.981663 -0.088201 -0.168994 -37.623287
-0.170961 0.039694 0.984478 120.774414 -0.080940 0.995245 -0.054184 -4.047564 -0.981948 -0.088947 -0.166935 -37.811157
-0.169113 0.035411 0.984960 121.625992 -0.084896 0.995117 -0.050352 -4.082599 -0.981934 -0.092135 -0.165281 -37.974556
-0.167814 0.033865 0.985237 122.460541 -0.085127 0.995179 -0.048706 -4.132371 -0.982136 -0.092044 -0.164122 -38.119720
-0.165758 0.038708 0.985407 123.248283 -0.087371 0.994724 -0.053771 -4.174861 -0.982288 -0.095009 -0.161501 -38.264683
-0.165324 0.042961 0.985303 124.066208 -0.090424 0.994183 -0.058520 -4.208445 -0.982085 -0.098770 -0.160477 -38.409695
-0.165208 0.042312 0.985351 124.889015 -0.096318 0.993611 -0.058816 -4.252605 -0.981544 -0.104624 -0.160077 -38.548054
-0.164534 0.041767 0.985487 125.730164 -0.100741 0.993167 -0.058912 -4.303734 -0.981213 -0.108972 -0.159202 -38.687927
-0.163195 0.042771 0.985666 126.576622 -0.097725 0.993446 -0.059288 -4.359347 -0.981742 -0.105999 -0.157946 -38.842918
-0.162539 0.045491 0.985653 127.405319 -0.099553 0.993083 -0.062251 -4.419614 -0.981667 -0.108243 -0.156886 -38.968182
-0.162919 0.047135 0.985513 128.266495 -0.108666 0.991924 -0.065406 -4.480901 -0.980637 -0.117747 -0.156482 -39.097656
-0.162751 0.049063 0.985447 129.099060 -0.116798 0.990782 -0.068618 -4.536921 -0.979730 -0.126265 -0.155520 -39.218472
-0.161437 0.052782 0.985470 129.931015 -0.114229 0.990858 -0.071784 -4.605528 -0.980250 -0.124158 -0.153932 -39.360477
-0.161124 0.053835 0.985465 130.739105 -0.115537 0.990617 -0.073007 -4.668943 -0.980148 -0.125620 -0.153392 -39.480251
-0.159606 0.055422 0.985624 131.533676 -0.116194 0.990428 -0.074508 -4.737614 -0.980319 -0.126415 -0.151638 -39.594685
-0.157636 0.054579 0.985988 132.278854 -0.110380 0.991240 -0.072517 -4.796431 -0.981309 -0.120265 -0.150231 -39.716648
-0.153387 0.050941 0.986852 133.099045 -0.107021 0.991940 -0.067838 -4.869747 -0.982354 -0.116019 -0.146699 -39.852634
-0.151206 0.046752 0.987396 133.925461 -0.103076 0.992690 -0.062787 -4.933342 -0.983114 -0.111270 -0.145282 -39.980576
-0.148137 0.046358 0.987880 134.729736 -0.103389 0.992701 -0.062087 -4.996154 -0.983548 -0.111333 -0.142263 -40.088257
-0.143083 0.051397 0.988375 135.524719 -0.103126 0.992440 -0.066537 -5.063167 -0.984323 -0.111447 -0.136701 -40.193436
-0.136491 0.054642 0.989133 136.331635 -0.102489 0.992341 -0.068962 -5.129926 -0.985325 -0.110788 -0.129845 -40.295467
-0.128218 0.055965 0.990166 137.107056 -0.103840 0.992161 -0.069524 -5.182520 -0.986295 -0.111733 -0.121401 -40.391171
-0.118972 0.051643 0.991554 137.911697 -0.103836 0.992523 -0.064153 -5.245612 -0.987453 -0.110591 -0.112720 -40.477531
-0.107914 0.049977 0.992903 138.667801 -0.102471 0.992857 -0.061112 -5.303266 -0.988865 -0.108339 -0.102022 -40.544273
-0.095036 0.052945 0.994065 139.450836 -0.098572 0.993177 -0.062321 -5.360389 -0.990582 -0.103910 -0.089169 -40.601849
-0.082427 0.054490 0.995106 140.206268 -0.103237 0.992665 -0.062908 -5.405244 -0.991236 -0.107917 -0.076197 -40.636196
-0.068838 0.054688 0.996128 141.003769 -0.100805 0.993005 -0.061483 -5.467608 -0.992522 -0.104647 -0.062843 -40.680614
-0.055544 0.057112 0.996822 141.815445 -0.100300 0.992993 -0.062481 -5.528893 -0.993406 -0.103452 -0.049426 -40.720589
-0.043250 0.063295 0.997057 142.565948 -0.104673 0.992211 -0.067527 -5.588986 -0.993566 -0.107286 -0.036288 -40.720585
-0.031498 0.072913 0.996841 143.306442 -0.112236 0.990770 -0.076016 -5.644569 -0.993182 -0.114276 -0.023023 -40.710136
-0.018854 0.081432 0.996501 144.052567 -0.118450 0.989477 -0.083099 -5.700906 -0.992781 -0.119602 -0.009010 -40.698795
-0.005990 0.082817 0.996547 144.817459 -0.120866 0.989198 -0.082933 -5.757745 -0.992651 -0.120946 0.004084 -40.690357
0.004930 0.079252 0.996842 145.580383 -0.125849 0.988978 -0.078004 -5.824396 -0.992037 -0.125067 0.014849 -40.658073
0.014453 0.076774 0.996944 146.317032 -0.130269 0.988695 -0.074251 -5.896221 -0.991373 -0.128798 0.024291 -40.614437
0.023519 0.083669 0.996216 147.079361 -0.135175 0.987607 -0.079754 -5.966334 -0.990543 -0.132788 0.034537 -40.584576
0.029668 0.091466 0.995366 147.831375 -0.136972 0.986783 -0.086595 -6.037352 -0.990130 -0.133768 0.041804 -40.542404
0.032540 0.095140 0.994932 148.595566 -0.141626 0.985853 -0.089640 -6.097746 -0.989385 -0.137992 0.045554 -40.509068
0.031841 0.090328 0.995403 149.347809 -0.144512 0.985859 -0.084839 -6.173863 -0.988991 -0.141147 0.044444 -40.469910
0.029848 0.086191 0.995831 150.097610 -0.144452 0.986189 -0.081027 -6.251716 -0.989062 -0.141431 0.041887 -40.435238
0.026853 0.083417 0.996153 150.833038 -0.142980 0.986587 -0.078762 -6.321335 -0.989361 -0.140315 0.038420 -40.411633
0.024097 0.083772 0.996194 151.596237 -0.140715 0.986846 -0.079582 -6.390327 -0.989757 -0.138262 0.035568 -40.391266
0.020741 0.083584 0.996285 152.349762 -0.138777 0.987093 -0.079924 -6.466555 -0.990106 -0.136604 0.032073 -40.372459
0.015881 0.082197 0.996490 153.105835 -0.140247 0.986946 -0.079175 -6.538981 -0.989989 -0.138498 0.027202 -40.354298
0.010082 0.082677 0.996525 153.839798 -0.141684 0.986640 -0.080423 -6.599679 -0.989861 -0.140381 0.021661 -40.333405
0.003616 0.080510 0.996747 154.581085 -0.143579 0.986468 -0.079159 -6.671282 -0.989632 -0.142825 0.015127 -40.315048
-0.001196 0.077735 0.996973 155.326889 -0.141252 0.986965 -0.077124 -6.747852 -0.989973 -0.140917 0.009800 -40.321747
-0.006600 0.077922 0.996938 156.053009 -0.142925 0.986650 -0.078064 -6.810840 -0.989712 -0.143003 0.004625 -40.317738
-0.012367 0.079531 0.996756 156.768265 -0.144386 0.986243 -0.080484 -6.874213 -0.989444 -0.144913 -0.000713 -40.309776
-0.016430 0.081527 0.996536 157.476196 -0.143413 0.986173 -0.083043 -6.950752 -0.989526 -0.144281 -0.004511 -40.305080
-0.019443 0.084438 0.996239 158.187927 -0.144800 0.985684 -0.086370 -7.015056 -0.989270 -0.145934 -0.006938 -40.305065
-0.020960 0.085766 0.996095 158.906891 -0.142662 0.985862 -0.087886 -7.087174 -0.989549 -0.143947 -0.008428 -40.315033
-0.019811 0.084256 0.996247 159.633148 -0.139790 0.986422 -0.086205 -7.159396 -0.989983 -0.140973 -0.007763 -40.328926
-0.015280 0.080111 0.996669 160.362823 -0.136111 0.987340 -0.081448 -7.240248 -0.990576 -0.136902 -0.004182 -40.342579
-0.007582 0.080055 0.996762 161.078064 -0.136018 0.987443 -0.080342 -7.312436 -0.990677 -0.136186 0.003402 -40.343616
0.004043 0.080728 0.996728 161.785233 -0.131583 0.988112 -0.079497 -7.381594 -0.991297 -0.130831 0.014618 -40.334881
0.019143 0.080616 0.996561 162.483200 -0.129016 0.988610 -0.077494 -7.449992 -0.991458 -0.127089 0.029326 -40.320271
0.034376 0.078620 0.996312 163.175323 -0.130407 0.988731 -0.073523 -7.506891 -0.990864 -0.127398 0.044241 -40.285870
0.050968 0.073592 0.995985 163.868103 -0.134787 0.988664 -0.066154 -7.569737 -0.989563 -0.130875 0.060310 -40.240128
0.067107 0.066744 0.995511 164.556671 -0.135785 0.989088 -0.057160 -7.625792 -0.988463 -0.131340 0.075438 -40.179176
0.084340 0.059599 0.994653 165.245636 -0.137066 0.989415 -0.047663 -7.674138 -0.986965 -0.132313 0.091616 -40.114513
0.101892 0.051872 0.993442 165.927063 -0.137491 0.989790 -0.037579 -7.718632 -0.985248 -0.132761 0.107983 -40.033859
0.119412 0.045786 0.991788 166.598679 -0.139315 0.989826 -0.028922 -7.758694 -0.983022 -0.134718 0.124576 -39.945381
0.137725 0.043505 0.989515 167.261169 -0.138676 0.990041 -0.024226 -7.790110 -0.980714 -0.133886 0.142386 -39.847618
0.155784 0.042094 0.986894 167.908295 -0.137641 0.990270 -0.020511 -7.814859 -0.978155 -0.132642 0.160062 -39.738617
0.173179 0.041566 0.984013 168.550201 -0.138615 0.990193 -0.017432 -7.833284 -0.975087 -0.133380 0.177242 -39.617229
0.189100 0.040951 0.981104 169.191345 -0.142888 0.989643 -0.013767 -7.845785 -0.971506 -0.137584 0.192993 -39.481163
0.203655 0.037187 0.978336 169.833176 -0.144805 0.989432 -0.007465 -7.867144 -0.968275 -0.140147 0.206888 -39.337574
0.216211 0.033251 0.975780 170.460342 -0.141055 0.989999 -0.002481 -7.881444 -0.966104 -0.137102 0.218738 -39.204170
0.227212 0.032390 0.973306 171.072601 -0.139261 0.990256 -0.000445 -7.891058 -0.963837 -0.135442 0.229509 -39.061676
0.236687 0.036037 0.970917 171.680786 -0.143660 0.989626 -0.001711 -7.904743 -0.960906 -0.139077 0.239409 -38.897083
0.245681 0.043287 0.968384 172.267166 -0.147888 0.988982 -0.006688 -7.919554 -0.958003 -0.141569 0.249376 -38.735977
0.254967 0.052996 0.965496 172.862457 -0.147656 0.988921 -0.015288 -7.932469 -0.955609 -0.138664 0.259968 -38.581177
0.263294 0.058835 0.962920 173.456543 -0.142031 0.989626 -0.021631 -7.939195 -0.954203 -0.131069 0.268919 -38.422535
0.270199 0.056953 0.961119 174.070969 -0.141017 0.989825 -0.019010 -7.950796 -0.952422 -0.130398 0.275481 -38.253677
0.276152 0.049916 0.959817 174.692215 -0.144515 0.989453 -0.009878 -7.962179 -0.950187 -0.135980 0.280453 -38.068356
0.280473 0.040113 0.959023 175.316147 -0.149353 0.988781 0.002322 -7.969738 -0.948171 -0.143884 0.283317 -37.876480
0.282893 0.032072 0.958615 175.935486 -0.149639 0.988679 0.011081 -7.986553 -0.947407 -0.146581 0.284490 -37.689438
0.284227 0.030978 0.958256 176.559402 -0.145481 0.989298 0.011170 -7.994497 -0.947655 -0.142583 0.285692 -37.510406
0.285918 0.033220 0.957678 177.187592 -0.142125 0.989816 0.008097 -7.995166 -0.947656 -0.138425 0.287728 -37.335308
0.287973 0.033185 0.957063 177.815857 -0.139949 0.990128 0.007779 -7.991344 -0.947357 -0.136180 0.289775 -37.155701
0.290167 0.030631 0.956486 178.478394 -0.141157 0.989925 0.011120 -7.991826 -0.946508 -0.138241 0.291567 -36.957458
0.293182 0.026398 0.955692 179.143982 -0.141336 0.989832 0.016017 -8.003012 -0.945552 -0.139770 0.293932 -36.749344
0.296985 0.021380 0.954643 179.827713 -0.140340 0.989870 0.021490 -7.996958 -0.944513 -0.140357 0.296977 -36.550179
0.301897 0.018716 0.953157 180.497253 -0.138408 0.990075 0.024398 -7.987471 -0.943240 -0.139290 0.301491 -36.349197
0.308103 0.016166 0.951216 181.160522 -0.136168 0.990310 0.027275 -7.976938 -0.941558 -0.137928 0.307319 -36.133301
0.316440 0.012753 0.948527 181.824280 -0.134025 0.990480 0.031395 -7.967430 -0.939097 -0.137061 0.315137 -35.923634
0.326015 0.011036 0.945300 182.468842 -0.131386 0.990757 0.033746 -7.956913 -0.936190 -0.135201 0.324452 -35.698811
0.337059 0.012640 0.941399 183.126801 -0.132306 0.990623 0.034071 -7.946604 -0.932141 -0.136036 0.335571 -35.451332
0.348645 0.016871 0.937103 183.839249 -0.132972 0.990615 0.031637 -7.917374 -0.927774 -0.135638 0.347616 -35.174141
0.360218 0.020575 0.932641 184.540726 -0.134700 0.990427 0.030176 -7.889454 -0.923092 -0.136497 0.359541 -34.887802
0.371708 0.020791 0.928117 185.199493 -0.133094 0.990615 0.031113 -7.869021 -0.918759 -0.135091 0.370987 -34.620499
0.382472 0.017675 0.923798 185.863052 -0.131467 0.990686 0.035476 -7.847212 -0.914566 -0.135018 0.381234 -34.334194
0.393771 0.016152 0.919067 186.522049 -0.132244 0.990440 0.039253 -7.829967 -0.909646 -0.136997 0.392142 -34.040756
0.404679 0.015815 0.914322 187.175812 -0.132778 0.990271 0.041639 -7.799837 -0.904768 -0.138252 0.402841 -33.739552
0.413792 0.014482 0.910256 187.809860 -0.136296 0.989590 0.046215 -7.781064 -0.900111 -0.143187 0.411458 -33.439339
0.420390 0.015707 0.907207 188.458481 -0.139605 0.989064 0.047567 -7.753615 -0.896539 -0.146647 0.417986 -33.130123
0.424822 0.012569 0.905190 189.120102 -0.138526 0.989030 0.051280 -7.723550 -0.894616 -0.147177 0.421903 -32.820076
0.426755 0.009059 0.904322 189.779144 -0.135531 0.989298 0.054047 -7.691234 -0.894154 -0.145628 0.423415 -32.510792
0.426793 0.009709 0.904297 190.445572 -0.131344 0.990005 0.051360 -7.660226 -0.894761 -0.140694 0.423803 -32.200089
0.425381 0.010229 0.904957 191.112579 -0.129900 0.990272 0.049867 -7.630759 -0.895644 -0.138766 0.422571 -31.886467
0.424906 0.011210 0.905168 191.792160 -0.125842 0.990946 0.046800 -7.598043 -0.896448 -0.133794 0.422470 -31.576790
0.425078 0.009314 0.905109 192.493500 -0.122806 0.991295 0.047474 -7.565053 -0.896787 -0.131333 0.422521 -31.261396
0.424577 0.003065 0.905387 193.197601 -0.118125 0.991634 0.052037 -7.531291 -0.897653 -0.129042 0.421387 -30.946333
0.422726 0.000493 0.906258 193.896210 -0.118369 0.991463 0.054675 -7.496022 -0.898494 -0.130385 0.419175 -30.607574
0.421490 -0.002327 0.906830 194.578751 -0.116795 0.991529 0.056830 -7.466588 -0.899280 -0.129866 0.417647 -30.298861
0.419868 -0.001916 0.907583 195.285477 -0.118630 0.991303 0.056974 -7.426831 -0.899799 -0.131588 0.415989 -29.969990
0.418116 -0.002040 0.908391 195.992615 -0.119962 0.991115 0.057443 -7.386694 -0.900438 -0.132990 0.414157 -29.643196
0.416300 -0.001033 0.909227 196.685486 -0.120049 0.991182 0.056092 -7.348154 -0.901267 -0.132503 0.412505 -29.324766
0.415298 0.002077 0.909683 197.371857 -0.118196 0.991644 0.051696 -7.315153 -0.901974 -0.128990 0.412073 -29.017164
0.414539 0.007772 0.909998 198.068848 -0.118281 0.991941 0.045410 -7.281895 -0.902312 -0.126460 0.412118 -28.699675
0.413034 0.010676 0.910653 198.763901 -0.120164 0.991828 0.042874 -7.247732 -0.902753 -0.127136 0.410942 -28.375734
0.411267 0.007939 0.911480 199.489563 -0.120591 0.991646 0.045774 -7.214905 -0.903503 -0.128741 0.408789 -28.036154
0.410121 0.004781 0.912018 200.182800 -0.122139 0.991266 0.049728 -7.192351 -0.903816 -0.131788 0.407123 -27.724739
0.407590 0.005815 0.913146 200.860992 -0.126263 0.990733 0.050050 -7.168228 -0.904394 -0.135696 0.404548 -27.418245
0.402847 0.006455 0.915244 201.563843 -0.130488 0.990165 0.050451 -7.145937 -0.905918 -0.139753 0.399728 -27.107267
0.396262 0.004779 0.918125 202.283310 -0.129155 0.990333 0.050588 -7.118279 -0.909008 -0.138627 0.393049 -26.803873
0.387620 0.003809 0.921811 202.998535 -0.127759 0.990563 0.049630 -7.095226 -0.912923 -0.137007 0.384449 -26.508530
0.378007 0.004649 0.925791 203.666153 -0.125189 0.991060 0.046138 -7.080528 -0.917300 -0.133339 0.375209 -26.257044
0.367703 0.007734 0.929911 204.356583 -0.125647 0.991209 0.041439 -7.058920 -0.921416 -0.132078 0.365443 -26.002489
0.356719 0.007446 0.934182 205.020691 -0.128311 0.990882 0.041097 -7.045892 -0.925358 -0.134526 0.354422 -25.771717
0.346268 -0.000222 0.938136 205.713303 -0.125022 0.991069 0.046380 -7.036222 -0.929768 -0.133347 0.343148 -25.540066
0.338393 -0.009249 0.940960 206.393555 -0.119840 0.991386 0.052843 -7.023533 -0.933343 -0.130646 0.334369 -25.329073
0.331171 -0.014805 0.943455 207.102783 -0.118887 0.991254 0.057287 -6.991887 -0.936051 -0.131137 0.326514 -25.088997
0.326872 -0.015810 0.944936 207.809479 -0.123533 0.990567 0.059305 -6.955812 -0.936960 -0.136116 0.321836 -24.845352
0.324379 -0.017668 0.945762 208.539276 -0.122273 0.990654 0.060444 -6.918487 -0.937991 -0.135248 0.319187 -24.601183
0.323119 -0.019203 0.946164 209.266861 -0.120218 0.990862 0.061165 -6.889673 -0.938692 -0.133509 0.317857 -24.369141
0.322749 -0.017677 0.946320 210.012085 -0.119119 0.991117 0.059140 -6.852290 -0.938959 -0.131812 0.317776 -24.128330
0.322125 -0.015561 0.946569 210.754135 -0.122155 0.990823 0.057859 -6.810075 -0.938783 -0.134266 0.317268 -23.870985
0.322953 -0.016488 0.946271 211.485992 -0.121858 0.990801 0.058853 -6.777073 -0.938537 -0.134318 0.317973 -23.633753
0.324945 -0.018050 0.945561 212.260300 -0.121581 0.990724 0.060694 -6.737326 -0.937885 -0.134685 0.319736 -23.379280
0.326454 -0.019993 0.945001 213.004562 -0.119577 0.990870 0.062271 -6.700294 -0.937619 -0.133329 0.321083 -23.136574
0.328478 -0.021095 0.944276 213.761154 -0.115307 0.991377 0.062258 -6.657626 -0.937447 -0.129332 0.323213 -22.894564
0.331744 -0.022961 0.943090 214.544769 -0.112716 0.991577 0.063791 -6.609449 -0.936611 -0.127464 0.326362 -22.638470
0.335587 -0.024115 0.941701 215.324524 -0.113867 0.991304 0.065963 -6.557976 -0.935102 -0.129366 0.329922 -22.364420
0.340803 -0.027778 0.939724 216.102005 -0.115434 0.990764 0.071150 -6.505902 -0.933021 -0.132724 0.334448 -22.095507
0.346541 -0.031649 0.937501 216.870087 -0.114742 0.990495 0.075851 -6.458367 -0.930991 -0.133856 0.339616 -21.835215
0.350928 -0.031414 0.935875 217.635498 -0.115593 0.990340 0.076587 -6.401636 -0.929241 -0.135057 0.343907 -21.557386
0.355385 -0.026505 0.934344 218.411224 -0.120880 0.989901 0.074059 -6.352147 -0.926871 -0.139263 0.348592 -21.264948
0.359961 -0.019772 0.932758 219.160233 -0.126348 0.989532 0.069734 -6.287796 -0.924372 -0.142953 0.353694 -20.980022
0.364209 -0.015881 0.931182 219.880371 -0.131446 0.988969 0.068279 -6.233619 -0.921995 -0.147268 0.358104 -20.686712
0.368775 -0.015494 0.929390 220.638809 -0.133889 0.988549 0.069606 -6.184702 -0.919825 -0.150104 0.362477 -20.394016
0.372871 -0.013071 0.927791 221.373779 -0.135376 0.988435 0.068332 -6.137641 -0.917955 -0.151080 0.366789 -20.102245
0.376932 -0.010470 0.926182 222.115662 -0.135134 0.988615 0.066172 -6.090200 -0.916330 -0.150101 0.371226 -19.804121
0.381559 -0.009546 0.924295 222.873596 -0.135588 0.988552 0.066182 -6.040011 -0.914346 -0.150576 0.375897 -19.499846
0.385921 -0.010738 0.922469 223.623642 -0.135594 0.988412 0.068232 -5.992945 -0.912513 -0.151413 0.379993 -19.183838
0.390473 -0.011404 0.920544 224.386215 -0.131384 0.988998 0.067982 -5.946017 -0.911191 -0.147490 0.384679 -18.868958
0.394909 -0.010857 0.918656 225.142822 -0.128514 0.989446 0.066938 -5.895613 -0.909687 -0.144494 0.389346 -18.550365
0.399031 -0.008153 0.916901 225.895126 -0.130413 0.989290 0.065552 -5.845743 -0.907616 -0.145733 0.393694 -18.221075
0.403452 -0.007422 0.914971 226.631775 -0.136358 0.988313 0.068143 -5.795833 -0.904783 -0.152256 0.397725 -17.891697
0.408217 -0.007355 0.912855 227.390320 -0.139408 0.987736 0.070299 -5.744593 -0.902178 -0.155957 0.402185 -17.552034
0.412280 -0.003877 0.911049 228.096512 -0.137763 0.988227 0.066548 -5.695827 -0.900581 -0.152945 0.406892 -17.235174
0.416536 0.003427 0.909113 228.830704 -0.138002 0.988643 0.059503 -5.648254 -0.898584 -0.150245 0.412279 -16.909891
0.419732 0.010815 0.907583 229.541000 -0.145042 0.987879 0.055306 -5.599092 -0.895984 -0.154852 0.416213 -16.570417
0.422661 0.010140 0.906231 230.277359 -0.151366 0.986682 0.059556 -5.552552 -0.893558 -0.162344 0.418567 -16.217916
0.425708 -0.000000 0.904861 231.027267 -0.150054 0.986154 0.070596 -5.511275 -0.892332 -0.165831 0.419813 -15.878542
0.427590 -0.011463 0.903900 231.778305 -0.147150 0.985700 0.082109 -5.453574 -0.891916 -0.168118 0.419789 -15.533995
0.429618 -0.018883 0.902813 232.529938 -0.148350 0.984722 0.091191 -5.393772 -0.890742 -0.173109 0.420253 -15.187313
0.431757 -0.019083 0.901788 233.294250 -0.151502 0.984038 0.093359 -5.319204 -0.889175 -0.176931 0.421975 -14.828277
0.434511 -0.014091 0.900556 234.024796 -0.152007 0.984387 0.088745 -5.253934 -0.887746 -0.175451 0.425586 -14.477221
0.438364 -0.007149 0.898769 234.748779 -0.151603 0.985053 0.081778 -5.171862 -0.885919 -0.172104 0.430728 -14.125300
0.443039 -0.002425 0.896499 235.522064 -0.151624 0.985388 0.077597 -5.106929 -0.883587 -0.170309 0.436198 -13.759312
0.447147 0.000223 0.894460 236.307907 -0.150796 0.985705 0.075138 -5.041133 -0.881657 -0.168478 0.440789 -13.367119
0.451573 0.002287 0.892231 237.080154 -0.149950 0.985968 0.073364 -4.982570 -0.879544 -0.166919 0.445579 -12.986236
0.455303 0.001083 0.890336 237.846237 -0.148332 0.986116 0.074655 -4.916781 -0.877893 -0.166056 0.449142 -12.599958
0.459011 -0.003897 0.888422 238.595123 -0.146236 0.986019 0.079880 -4.856748 -0.876313 -0.166585 0.452024 -12.233901
0.461987 -0.009971 0.886831 239.341461 -0.143023 0.986011 0.085593 -4.792748 -0.875278 -0.166380 0.454098 -11.860149
0.464804 -0.015105 0.885285 240.038498 -0.141138 0.985806 0.090922 -4.731527 -0.874092 -0.167209 0.456075 -11.529737
0.468417 -0.020646 0.883266 240.737915 -0.137656 0.985812 0.096045 -4.669686 -0.872718 -0.166576 0.458929 -11.230836
0.471088 -0.027380 0.881661 241.443481 -0.134775 0.985548 0.102619 -4.599855 -0.871729 -0.167169 0.460589 -10.909953
0.473766 -0.028029 0.880204 242.162186 -0.133752 0.985608 0.103377 -4.529372 -0.870434 -0.166705 0.463199 -10.577909
0.475244 -0.017062 0.879689 242.878723 -0.141291 0.985356 0.095443 -4.467712 -0.868435 -0.169651 0.465874 -10.195916
0.476469 -0.003515 0.879184 243.623672 -0.142232 0.986511 0.081026 -4.392700 -0.867610 -0.163655 0.469542 -9.813684
0.477650 0.004034 0.878541 244.385498 -0.142045 0.987187 0.072695 -4.325957 -0.866991 -0.159515 0.472103 -9.416083
0.478027 0.001405 0.878344 245.162567 -0.140993 0.987154 0.075155 -4.266736 -0.866955 -0.159767 0.472084 -9.015138
