1.000000 0.000000 0.000000 0.000000 0.000000 1.000000 0.000000 0.000000 0.000000 0.000000 1.000000 0.000000
0.999874 0.001135 0.015806 0.013929 -0.001119 0.999999 -0.001046 0.000341 -0.015807 0.001028 0.999875 0.133889
0.999298 0.003921 0.037266 0.031932 -0.003899 0.999992 -0.000667 -0.000164 -0.037268 0.000521 0.999305 0.281311
0.997903 0.005575 0.064485 0.060410 -0.005616 0.999984 0.000441 0.001708 -0.064482 -0.000802 0.997919 0.436835
0.995128 0.005405 0.098440 0.107240 -0.005690 0.999980 0.002614 0.003136 -0.098424 -0.003161 0.995140 0.622518
0.990561 0.002346 0.137053 0.166163 -0.002987 0.999986 0.004473 0.006796 -0.137041 -0.004840 0.990554 0.826803
0.984205 -0.000540 0.177034 0.243937 -0.000267 0.999990 0.004535 0.014769 -0.177035 -0.004511 0.984194 1.048524
0.975365 -0.000487 0.220597 0.337556 -0.000793 0.999983 0.005714 0.015459 -0.220596 -0.005748 0.975348 1.270015
0.963095 -0.000487 0.269161 0.442787 -0.001745 0.999966 0.008052 0.034094 -0.269156 -0.008224 0.963062 1.534452
0.948457 -0.004158 0.316878 0.593291 -0.000579 0.999889 0.014854 0.041429 -0.316905 -0.014272 0.948350 1.816898
0.931470 -0.013657 0.363563 0.762243 0.005775 0.999724 0.022758 0.039957 -0.363773 -0.019099 0.931292 2.072112
0.884547 -0.020929 0.465982 1.076387 0.007792 0.999516 0.030100 0.065058 -0.466387 -0.022994 0.884282 2.522156
0.823822 -0.027579 0.566177 1.489475 0.007133 0.999241 0.038296 0.093037 -0.566804 -0.027511 0.823394 2.979381
0.749444 -0.036451 0.661063 1.938520 0.009450 0.998970 0.044371 0.105886 -0.662000 -0.027006 0.749017 3.388018
0.666924 -0.040951 0.743999 2.492469 0.009309 0.998869 0.046635 0.134884 -0.745067 -0.024176 0.666551 3.807962
0.599593 -0.030222 0.799734 4.178053 -0.011781 0.998845 0.046579 -0.183208 -0.800218 -0.037350 0.598545 6.694444
0.527584 -0.032047 0.848898 4.960570 -0.015731 0.998748 0.047481 -0.155877 -0.849357 -0.038404 0.526420 7.115868
0.492770 -0.031165 0.869601 5.399063 -0.016495 0.998844 0.045145 -0.137156 -0.870003 -0.036590 0.491687 7.326503
0.431765 -0.028700 0.901529 6.368249 -0.011743 0.999230 0.037435 -0.096377 -0.901910 -0.026750 0.431096 7.751940
0.388232 -0.026970 0.921167 7.454939 -0.008677 0.999420 0.032918 -0.063385 -0.921521 -0.020773 0.387773 8.166014
0.362926 -0.029425 0.931353 8.658941 -0.006628 0.999394 0.034158 -0.030656 -0.931794 -0.018570 0.362511 8.617750
0.342474 -0.032962 0.938949 9.982584 -0.008150 0.999243 0.038052 0.017935 -0.939492 -0.020684 0.341946 9.076693
0.322879 -0.036392 0.945740 11.395011 -0.009668 0.999081 0.041746 0.072768 -0.946391 -0.022622 0.322230 9.547852
0.302881 -0.039510 0.952209 12.850089 -0.009548 0.998964 0.044487 0.122602 -0.952981 -0.022566 0.302190 9.996189
0.269417 -0.049832 0.961734 15.052267 -0.013100 0.998378 0.055400 0.197239 -0.962935 -0.027524 0.268327 10.642925
0.243569 -0.052738 0.968449 16.636332 -0.013502 0.998239 0.057756 0.255245 -0.969790 -0.027143 0.242429 11.026040
0.213591 -0.050489 0.975618 18.221582 -0.015045 0.998375 0.054960 0.325863 -0.976807 -0.026417 0.212484 11.363929
0.194012 -0.048878 0.979781 19.043392 -0.016772 0.998447 0.053130 0.357307 -0.980856 -0.026740 0.192891 11.505149
0.137362 -0.046899 0.989410 20.629856 -0.025126 0.998392 0.050813 0.408918 -0.990202 -0.031840 0.135963 11.772916
0.036375 -0.045116 0.998319 22.985275 -0.029112 0.998509 0.046186 0.472281 -0.998914 -0.030744 0.035007 11.927354
-0.031348 -0.040458 0.998689 24.634153 -0.033802 0.998652 0.039395 0.506199 -0.998937 -0.032523 -0.032674 11.934609
-0.064509 -0.036007 0.997267 25.470089 -0.030736 0.998946 0.034079 0.522733 -0.997444 -0.028454 -0.065548 11.878827
-0.126764 -0.024570 0.991628 27.049980 -0.019140 0.999568 0.022320 0.532308 -0.991748 -0.016150 -0.127180 11.655245
-0.184786 -0.013204 0.982690 28.707243 -0.004073 0.999911 0.012669 0.541581 -0.982770 -0.001662 -0.184823 11.345804
-0.237060 0.013094 0.971407 30.283419 0.007700 0.999903 -0.011599 0.518272 -0.971465 0.004730 -0.237138 10.956018
-0.288687 0.046502 0.956293 31.826111 0.009473 0.998910 -0.045714 0.468821 -0.957377 -0.004138 -0.288813 10.524401
-0.313693 0.057408 0.947788 32.615330 0.014375 0.998343 -0.055713 0.422034 -0.949416 -0.003853 -0.313998 10.256769
-0.360920 0.061352 0.930577 34.147423 0.021499 0.998116 -0.057466 0.321566 -0.932349 -0.000734 -0.361559 9.658924
-0.400020 0.055144 0.914846 35.622368 0.031504 0.998426 -0.046407 0.231039 -0.915965 0.010257 -0.401127 9.003969
-0.413949 0.055636 0.908598 36.289406 0.034298 0.998375 -0.045508 0.184999 -0.909654 0.012325 -0.415185 8.669072
-0.434946 0.062753 0.898267 37.624863 0.038739 0.997949 -0.050960 0.107323 -0.899623 0.012633 -0.436485 7.990319
-0.457030 0.061376 0.887331 39.011589 0.033634 0.998095 -0.051713 -0.004601 -0.888815 0.006210 -0.458224 7.263410
-0.473042 0.065655 0.878590 40.283897 0.036240 0.997826 -0.055053 -0.062875 -0.880294 0.005798 -0.474393 6.555383
-0.476389 0.068725 0.876545 40.963654 0.036928 0.997625 -0.058149 -0.105445 -0.878459 0.004667 -0.477795 6.174056
-0.472780 0.070769 0.878334 42.424786 0.038854 0.997475 -0.059455 -0.226126 -0.880323 0.006017 -0.474336 5.382022
-0.452010 0.068468 0.889381 44.714222 0.033430 0.997650 -0.059813 -0.384805 -0.891386 0.002696 -0.453236 4.203564
-0.441031 0.065544 0.895095 46.338921 0.026571 0.997846 -0.059976 -0.502299 -0.897098 -0.002668 -0.441823 3.400689
-0.439652 0.062795 0.895970 47.191212 0.020721 0.997997 -0.059778 -0.558888 -0.897929 -0.007716 -0.440072 2.990083
-0.441474 0.059633 0.895290 48.802364 0.017788 0.998175 -0.057714 -0.691131 -0.897098 -0.009554 -0.441729 2.219319
-0.441364 0.058268 0.895434 50.664005 0.016601 0.998249 -0.056775 -0.821461 -0.897175 -0.010194 -0.441558 1.282900
-0.440860 0.056720 0.895782 52.387753 0.015969 0.998339 -0.055354 -0.963139 -0.897434 -0.010098 -0.441033 0.393105
-0.441041 0.055135 0.895792 54.130257 0.013241 0.998402 -0.054932 -1.068351 -0.897389 -0.012366 -0.441066 -0.477958
-0.440428 0.054520 0.896131 55.042530 0.012313 0.998427 -0.054692 -1.145266 -0.897704 -0.013054 -0.440406 -0.931395
-0.437079 0.051515 0.897947 56.848389 0.013233 0.998619 -0.050849 -1.266534 -0.899326 -0.010343 -0.437157 -1.807717
-0.431646 0.050455 0.900631 58.634441 0.013790 0.998687 -0.049339 -1.383916 -0.901938 -0.008877 -0.431775 -2.700566
-0.428271 0.052222 0.902140 60.325153 0.015740 0.998608 -0.050334 -1.494463 -0.903513 -0.007357 -0.428497 -3.549829
-0.429377 0.053899 0.901515 61.220856 0.015863 0.998514 -0.052144 -1.561180 -0.902986 -0.008089 -0.429594 -3.984818
-0.435733 0.057740 0.898222 62.985035 0.016312 0.998283 -0.056259 -1.696043 -0.899928 -0.009862 -0.435927 -4.883858
-0.447010 0.054695 0.892856 64.720657 0.020459 0.998493 -0.050923 -1.824802 -0.894295 -0.004496 -0.447455 -5.779238
-0.458159 0.055968 0.887106 66.521652 0.020158 0.998413 -0.052580 -1.953817 -0.888641 -0.006207 -0.458561 -6.692408
-0.467738 0.059741 0.881846 68.232063 0.021441 0.998186 -0.056250 -2.086280 -0.883607 -0.007403 -0.468170 -7.600159
-0.475276 0.059126 0.877848 69.929718 0.021515 0.998222 -0.055585 -2.230150 -0.879574 -0.007531 -0.475703 -8.503190
-0.477435 0.052006 0.877127 70.805946 0.022625 0.998644 -0.046896 -2.294576 -0.878376 -0.002545 -0.477964 -8.994030
-0.482694 0.040724 0.874842 72.418427 0.019853 0.999170 -0.035557 -2.379872 -0.875564 0.000205 -0.483102 -9.821363
-0.485043 0.051555 0.872969 74.033638 0.019899 0.998653 -0.047921 -2.478025 -0.874264 -0.005873 -0.485415 -10.714744
-0.485792 0.055025 0.872340 75.619614 0.022980 0.998476 -0.050184 -2.546311 -0.873772 -0.004333 -0.486316 -11.600959
-0.484536 0.046575 0.873531 77.215477 0.017661 0.998899 -0.043463 -2.625677 -0.874593 -0.005632 -0.484825 -12.497690
-0.483909 0.039188 0.874240 78.027992 0.013190 0.999210 -0.037489 -2.679106 -0.875019 -0.006610 -0.484044 -12.944221
-0.482106 0.030079 0.875597 79.456497 -0.001320 0.999384 -0.035058 -2.757792 -0.876112 -0.018057 -0.481769 -13.730392
-0.479800 0.030262 0.876856 80.255554 0.001052 0.999424 -0.033916 -2.804277 -0.877377 -0.015350 -0.479556 -14.175508
-0.471565 0.037080 0.881051 81.602135 0.009008 0.999266 -0.037234 -2.893093 -0.881785 -0.009621 -0.471553 -14.905549
-0.462888 0.039170 0.885551 82.412018 0.014247 0.999223 -0.036751 -2.941339 -0.886302 -0.004395 -0.463086 -15.346797
-0.445001 0.040694 0.894605 83.937584 0.014015 0.999161 -0.038479 -3.003883 -0.895420 -0.004585 -0.445198 -16.106165
-0.422518 0.034618 0.905693 85.563972 0.009123 0.999382 -0.033942 -3.083160 -0.906309 -0.006078 -0.422572 -16.849249
-0.411932 0.033406 0.910602 86.353073 0.004880 0.999394 -0.034456 -3.113108 -0.911201 -0.009749 -0.411846 -17.178722
-0.390033 0.031671 0.920256 87.745293 -0.005816 0.999304 -0.036857 -3.137651 -0.920782 -0.019728 -0.389578 -17.719090
-0.377642 0.035520 0.925270 88.535095 -0.008028 0.999101 -0.041631 -3.183042 -0.925917 -0.023150 -0.377017 -18.034575
-0.358426 0.046767 0.932386 89.187027 -0.023905 0.997957 -0.059245 -3.141106 -0.933252 -0.043523 -0.356576 -18.179195
-0.346633 0.042741 0.937027 90.016029 -0.030207 0.997935 -0.056694 -3.187609 -0.937514 -0.047957 -0.344626 -18.478497
-0.334952 0.038480 0.941449 90.789848 -0.037151 0.997849 -0.054003 -3.225583 -0.941503 -0.053064 -0.332802 -18.744312
-0.317220 0.044774 0.947295 91.953583 -0.044539 0.997079 -0.062042 -3.315275 -0.947306 -0.061873 -0.314299 -19.201729
-0.308540 0.051875 0.949796 93.393013 -0.056556 0.995745 -0.072757 -3.428700 -0.949529 -0.076165 -0.304293 -19.703236
-0.304845 0.051931 0.950985 94.237198 -0.057816 0.995662 -0.072904 -3.500201 -0.950645 -0.077206 -0.300520 -19.969900
-0.293502 0.048797 0.954712 95.733482 -0.060351 0.995758 -0.069449 -3.619655 -0.954051 -0.078001 -0.289312 -20.455376
-0.288124 0.044956 0.956537 96.566895 -0.061343 0.995979 -0.065287 -3.687917 -0.955626 -0.077487 -0.284208 -20.701069
-0.275034 0.041824 0.960524 98.092438 -0.070081 0.995524 -0.063415 -3.796624 -0.958877 -0.084755 -0.270872 -21.212080
-0.268794 0.042705 0.962251 98.951530 -0.077203 0.994847 -0.065718 -3.859335 -0.960099 -0.091953 -0.264112 -21.435730
-0.261169 0.047214 0.964138 99.794273 -0.075559 0.994739 -0.069180 -3.926818 -0.962331 -0.090917 -0.256227 -21.675764
-0.253788 0.050833 0.965923 100.630554 -0.073365 0.994730 -0.071625 -3.993191 -0.964474 -0.089042 -0.248721 -21.902119
-0.247010 0.049142 0.967766 101.505066 -0.073985 0.994842 -0.069400 -4.063512 -0.966184 -0.088742 -0.242100 -22.120531
-0.230936 0.042157 0.972055 103.134178 -0.075718 0.995252 -0.061152 -4.194460 -0.970018 -0.087724 -0.226647 -22.576572
-0.224813 0.045688 0.973330 104.000519 -0.077945 0.994856 -0.064702 -4.263849 -0.971280 -0.090412 -0.220095 -22.767994
-0.217274 0.048652 0.974898 104.849800 -0.077643 0.994731 -0.066945 -4.331057 -0.973018 -0.090239 -0.212351 -22.974247
-0.210116 0.049570 0.976419 105.699532 -0.079917 0.994501 -0.067685 -4.395691 -0.974405 -0.092254 -0.204999 -23.163010
-0.193947 0.049139 0.979781 107.197769 -0.081166 0.994517 -0.065945 -4.476570 -0.977649 -0.092314 -0.188895 -23.498529
-0.184323 0.050534 0.981566 107.967628 -0.078327 0.994746 -0.065921 -4.534756 -0.979740 -0.089034 -0.179396 -23.695915
-0.176613 0.051364 0.982939 108.802757 -0.078566 0.994715 -0.066096 -4.593649 -0.981140 -0.088899 -0.171644 -23.876595
-0.162500 0.049565 0.985463 110.493790 -0.090474 0.993782 -0.064902 -4.710172 -0.982552 -0.099705 -0.157006 -24.194454
-0.155210 0.050791 0.986575 111.299721 -0.090290 0.993768 -0.065366 -4.740121 -0.983747 -0.099223 -0.149657 -24.383190
-0.139479 0.055233 0.988683 112.691650 -0.102746 0.992247 -0.069927 -4.724060 -0.984880 -0.111337 -0.132723 -24.787292
-0.131430 0.054600 0.989821 113.546776 -0.097592 0.992919 -0.067729 -4.782022 -0.986510 -0.105500 -0.125171 -24.947214
-0.124212 0.053441 0.990816 114.408768 -0.093143 0.993511 -0.065263 -4.830656 -0.987874 -0.100394 -0.118428 -25.110899
-0.112592 0.055826 0.992072 115.567856 -0.097307 0.993002 -0.066922 -4.885219 -0.988865 -0.104071 -0.106372 -25.311583
-0.107691 0.058341 0.992471 116.377632 -0.102783 0.992274 -0.069482 -4.928366 -0.988857 -0.109492 -0.100863 -25.426825
-0.104708 0.058242 0.992796 118.075081 -0.108415 0.991666 -0.069610 -5.038986 -0.988576 -0.114923 -0.097521 -25.607546
-0.102363 0.054174 0.993271 118.959557 -0.110002 0.991776 -0.065429 -5.091486 -0.988646 -0.115959 -0.095562 -25.731972
-0.099488 0.049213 0.993821 120.562355 -0.116090 0.991381 -0.060714 -5.167495 -0.988244 -0.121413 -0.092917 -25.915413
-0.097442 0.054247 0.993762 121.357880 -0.118350 0.990797 -0.065690 -5.220042 -0.988179 -0.124013 -0.090125 -26.003351
-0.097051 0.058748 0.993544 122.183731 -0.121395 0.990104 -0.070402 -5.263910 -0.987848 -0.127444 -0.088959 -26.089443
-0.096542 0.057852 0.993646 123.754700 -0.129920 0.989036 -0.070207 -5.381663 -0.986813 -0.135872 -0.087968 -26.221996
-0.095144 0.058648 0.993734 124.609406 -0.126929 0.989400 -0.070545 -5.447541 -0.987338 -0.132846 -0.086691 -26.315598
-0.094510 0.061515 0.993622 125.444275 -0.128759 0.988950 -0.073473 -5.517035 -0.987162 -0.134881 -0.085545 -26.380657
-0.095040 0.063809 0.993426 126.311829 -0.137833 0.987488 -0.076614 -5.587889 -0.985885 -0.144208 -0.085056 -26.447622
-0.093101 0.070258 0.993175 128.015625 -0.145448 0.985847 -0.083374 -5.719448 -0.984976 -0.152218 -0.081564 -26.610159
-0.092812 0.071410 0.993120 128.829483 -0.146753 0.985551 -0.084580 -5.792131 -0.984809 -0.153593 -0.080991 -26.670397
-0.091291 0.073047 0.993141 129.629486 -0.147425 0.985325 -0.086024 -5.869823 -0.984851 -0.154267 -0.079182 -26.726168
-0.084917 0.067696 0.994086 131.134750 -0.137930 0.987285 -0.079015 -6.015902 -0.986795 -0.143824 -0.074500 -26.859734
-0.082653 0.063190 0.994573 131.967514 -0.134025 0.988217 -0.073924 -6.089021 -0.987525 -0.139408 -0.073210 -26.926981
-0.079564 0.062800 0.994850 132.776825 -0.134368 0.988229 -0.073129 -6.160573 -0.987732 -0.139495 -0.070189 -26.975616
-0.074466 0.067833 0.994914 133.576614 -0.134163 0.987932 -0.077398 -6.236158 -0.988157 -0.139245 -0.064466 -27.022276
-0.058068 0.071431 0.995754 135.002106 -0.131511 0.988197 -0.078558 -6.369719 -0.989613 -0.135514 -0.047988 -27.114614
-0.048769 0.067041 0.996558 135.810303 -0.131604 0.988615 -0.072947 -6.439775 -0.990102 -0.134708 -0.039391 -27.141104
-0.037625 0.065218 0.997161 136.568863 -0.130333 0.989024 -0.069603 -6.503626 -0.990756 -0.132582 -0.028712 -27.151775
-0.024627 0.067863 0.997391 137.353546 -0.126558 0.989454 -0.070448 -6.566783 -0.991653 -0.127963 -0.015779 -27.151350
0.002356 0.068445 0.997652 138.733597 -0.123691 0.990014 -0.067629 -6.685314 -0.992318 -0.123241 0.010798 -27.113560
0.015682 0.070775 0.997369 139.545639 -0.123270 0.990019 -0.068316 -6.751339 -0.992249 -0.121874 0.024250 -27.093300
0.027929 0.077214 0.996623 140.293823 -0.127701 0.989119 -0.073054 -6.814962 -0.991419 -0.125230 0.037485 -27.037659
0.039576 0.087302 0.995395 141.031265 -0.135307 0.987468 -0.081227 -6.873779 -0.990013 -0.131470 0.050892 -26.972414
0.064980 0.097613 0.993101 142.555420 -0.141303 0.986076 -0.087677 -6.989658 -0.987832 -0.134630 0.077868 -26.839556
0.075797 0.094354 0.992649 143.313583 -0.146324 0.985788 -0.082528 -7.059343 -0.986329 -0.138993 0.088526 -26.750820
0.085219 0.092151 0.992092 144.044693 -0.150776 0.985440 -0.078581 -7.133834 -0.984888 -0.142887 0.097872 -26.652542
0.094169 0.099308 0.990591 144.802414 -0.155708 0.984236 -0.083869 -7.207023 -0.983304 -0.146345 0.108148 -26.566175
0.100261 0.107150 0.989175 145.548950 -0.157526 0.983354 -0.090553 -7.280811 -0.982412 -0.146742 0.115472 -26.468266
0.103042 0.111114 0.988451 146.308334 -0.162178 0.982320 -0.093518 -7.344221 -0.981367 -0.150669 0.119240 -26.378498
0.102298 0.106543 0.989032 147.055283 -0.165052 0.982284 -0.088744 -7.423171 -0.980965 -0.154163 0.118071 -26.283474
0.100316 0.102440 0.989668 147.800110 -0.164983 0.982628 -0.084988 -7.503938 -0.981182 -0.154752 0.115474 -26.193060
0.097360 0.099595 0.990254 148.531464 -0.163503 0.983062 -0.082796 -7.576630 -0.981727 -0.153849 0.111995 -26.114891
0.091811 0.099249 0.990818 150.041107 -0.158924 0.983727 -0.083812 -7.731581 -0.983013 -0.149770 0.106090 -25.967293
0.086943 0.098003 0.991381 150.793411 -0.160371 0.983547 -0.083164 -7.807066 -0.983220 -0.151758 0.101230 -25.892681
0.081141 0.098617 0.991812 151.523529 -0.161779 0.983200 -0.084525 -7.870685 -0.983486 -0.153595 0.095732 -25.817215
0.074665 0.096633 0.992516 152.261063 -0.163638 0.982989 -0.083395 -7.945290 -0.983691 -0.156187 0.089208 -25.743536
0.069904 0.093729 0.993141 153.004913 -0.161297 0.983537 -0.081469 -8.025392 -0.984427 -0.154496 0.083872 -25.694405
0.064485 0.094065 0.993475 153.728439 -0.162940 0.983180 -0.082514 -8.091606 -0.984526 -0.156556 0.078728 -25.636305
0.054351 0.098039 0.993697 155.133484 -0.164679 0.982421 -0.087919 -8.230495 -0.984849 -0.158863 0.069540 -25.516102
0.050044 0.102697 0.993453 156.469635 -0.164309 0.981993 -0.093236 -8.361917 -0.985139 -0.158567 0.066017 -25.426699
0.051241 0.100980 0.993568 157.194473 -0.161453 0.982626 -0.091541 -8.438206 -0.985549 -0.155724 0.066654 -25.386116
0.063497 0.096909 0.993266 158.608047 -0.159087 0.983530 -0.085789 -8.592565 -0.985221 -0.152568 0.077868 -25.295729
0.075168 0.097196 0.992423 159.312195 -0.154733 0.984320 -0.084682 -8.665434 -0.985093 -0.147195 0.089029 -25.233900
0.090258 0.096814 0.991202 160.006729 -0.152254 0.984906 -0.082335 -8.737357 -0.984211 -0.143483 0.103636 -25.166901
0.121454 0.090471 0.988465 161.344574 -0.160330 0.984549 -0.070413 -8.859855 -0.979563 -0.149928 0.134083 -24.995289
0.137465 0.083678 0.986966 162.026489 -0.161393 0.985001 -0.061032 -8.918366 -0.977270 -0.150900 0.148908 -24.883146
0.171964 0.069618 0.982640 163.331314 -0.164328 0.985551 -0.041067 -9.007962 -0.971301 -0.154413 0.180919 -24.645781
0.189262 0.063694 0.979859 163.994385 -0.166208 0.985573 -0.031961 -9.049955 -0.967758 -0.156811 0.197118 -24.507664
0.207364 0.061359 0.976338 164.647766 -0.165626 0.985825 -0.026779 -9.083010 -0.964141 -0.156154 0.214587 -24.361172
0.225198 0.059864 0.972472 165.285019 -0.164638 0.986096 -0.022577 -9.109005 -0.960302 -0.155022 0.231923 -24.204775
0.258347 0.059136 0.964240 166.432999 -0.170717 0.985211 -0.014683 -9.138241 -0.950848 -0.160819 0.264622 -23.903030
0.272612 0.055568 0.960518 167.062439 -0.172636 0.984953 -0.007984 -9.159717 -0.946509 -0.163644 0.278103 -23.712299
0.285006 0.051426 0.957145 167.678055 -0.168909 0.985628 -0.002661 -9.174319 -0.943526 -0.160913 0.289596 -23.532990
0.295827 0.050448 0.953908 168.278168 -0.167123 0.985936 -0.000313 -9.183900 -0.940508 -0.159327 0.300098 -23.345835
0.305026 0.054345 0.950792 168.872574 -0.171500 0.985183 -0.001292 -9.196916 -0.936775 -0.162667 0.309827 -23.136835
0.313749 0.061752 0.947496 169.445480 -0.175704 0.984425 -0.005977 -9.211014 -0.933108 -0.164603 0.319712 -22.932882
0.331041 0.077509 0.940428 170.603088 -0.171554 0.984955 -0.020790 -9.216624 -0.927891 -0.154451 0.339357 -22.524609
0.337804 0.075585 0.938177 171.203384 -0.170539 0.985187 -0.017967 -9.227765 -0.925638 -0.153926 0.345690 -22.310825
0.343546 0.068971 0.936600 171.809311 -0.174013 0.984705 -0.008686 -9.238262 -0.922874 -0.159997 0.350293 -22.080179
0.347659 0.059766 0.935714 172.417358 -0.178821 0.983875 0.003598 -9.244777 -0.920411 -0.168576 0.352741 -21.842875
0.350015 0.051944 0.935303 173.021179 -0.179103 0.983752 0.012390 -9.260641 -0.919463 -0.171852 0.353631 -21.610489
0.351402 0.050565 0.934858 173.630234 -0.174963 0.984495 0.012516 -9.267905 -0.919731 -0.167964 0.354801 -21.386005
0.354605 0.052180 0.933559 174.832779 -0.169267 0.985527 0.009210 -9.263348 -0.919567 -0.161287 0.358306 -20.933096
0.356720 0.049781 0.932884 175.479187 -0.170465 0.985283 0.012606 -9.262906 -0.918527 -0.163521 0.359956 -20.687227
0.359654 0.045666 0.931967 176.127838 -0.170637 0.985177 0.017577 -9.272923 -0.917350 -0.165350 0.362116 -20.430944
0.363381 0.040705 0.930751 176.795349 -0.169640 0.985234 0.023143 -9.266070 -0.916066 -0.166302 0.364920 -20.182810
0.368205 0.037972 0.928969 177.448624 -0.167707 0.985489 0.026190 -9.255632 -0.914494 -0.165438 0.369231 -19.933994
0.374293 0.035332 0.926637 178.094543 -0.165464 0.985782 0.029248 -9.243673 -0.912429 -0.164272 0.374818 -19.670799
0.392023 0.030146 0.919461 179.416199 -0.160274 0.986416 0.035994 -9.211589 -0.905886 -0.161476 0.391530 -19.119083
0.402735 0.031805 0.914764 180.054520 -0.161161 0.986247 0.036662 -9.199092 -0.901017 -0.162189 0.402322 -18.824594
0.413966 0.035995 0.909581 180.744995 -0.161784 0.986219 0.034603 -9.167267 -0.895800 -0.161480 0.414084 -18.497181
0.436112 0.039291 0.899034 181.994781 -0.161363 0.986268 0.035172 -9.123446 -0.885307 -0.160409 0.436464 -17.879337
0.457731 0.034300 0.888429 183.242523 -0.159395 0.986232 0.044046 -9.081372 -0.874686 -0.161772 0.456896 -17.238953
0.468250 0.034056 0.882939 183.872940 -0.159867 0.986031 0.046750 -9.047203 -0.869013 -0.163044 0.467154 -16.891754
0.476970 0.033079 0.878297 184.483643 -0.163313 0.985225 0.051583 -9.024296 -0.863614 -0.168041 0.475325 -16.546713
0.487729 0.030769 0.872453 185.735123 -0.164159 0.984783 0.057040 -8.958357 -0.857422 -0.171041 0.485358 -15.849148
0.488725 0.027888 0.871992 187.440704 -0.156346 0.986109 0.056090 -8.876383 -0.858314 -0.163744 0.486296 -14.887109
0.488599 0.026479 0.872107 188.691315 -0.149458 0.987306 0.053758 -8.810535 -0.859612 -0.156610 0.486354 -14.207808
0.488198 0.020081 0.872502 189.370819 -0.144800 0.987743 0.058288 -8.772255 -0.860637 -0.154795 0.485122 -13.842922
0.486411 0.017613 0.873553 190.043045 -0.145057 0.987550 0.060859 -8.731789 -0.861605 -0.156317 0.482910 -13.454883
0.483550 0.014691 0.875194 191.331482 -0.144187 0.987537 0.063088 -8.657145 -0.863360 -0.156698 0.479642 -12.745005
0.480700 0.014990 0.876757 192.636200 -0.143736 0.987677 0.061920 -8.565223 -0.865025 -0.155786 0.476931 -12.064116
0.479764 0.017838 0.877216 193.298325 -0.141898 0.988209 0.057511 -8.527897 -0.865847 -0.152067 0.476638 -11.707621
0.476705 0.023605 0.878746 195.194672 -0.145130 0.988035 0.052189 -8.449389 -0.867000 -0.152412 0.474427 -10.695878
0.475575 0.020681 0.879432 195.863083 -0.146682 0.987592 0.056098 -8.421898 -0.867360 -0.155675 0.472707 -10.334057
0.468391 0.022339 0.883239 197.167114 -0.153200 0.986591 0.056291 -8.360030 -0.870138 -0.161679 0.465532 -9.632548
0.453807 0.019496 0.890887 198.559540 -0.150708 0.987038 0.055169 -8.305394 -0.878263 -0.159300 0.450862 -8.933498
0.444559 0.020065 0.895525 199.206726 -0.148206 0.987618 0.051445 -8.287299 -0.883404 -0.155592 0.442028 -8.633266
0.423322 0.023942 0.905663 200.472610 -0.153521 0.987090 0.045664 -8.236212 -0.892878 -0.158369 0.421532 -8.037753
0.405354 0.006657 0.914136 201.849945 -0.143633 0.988017 0.056496 -8.188061 -0.902806 -0.154201 0.401452 -7.448898
0.398356 0.001151 0.917230 202.539795 -0.142712 0.987899 0.060740 -8.153935 -0.906061 -0.155096 0.393700 -7.158027
0.394106 0.000512 0.919065 203.226868 -0.147359 0.987098 0.062640 -8.115294 -0.907175 -0.160119 0.389097 -6.863889
0.390113 -0.002071 0.920765 204.527115 -0.146226 0.987167 0.064174 -8.046168 -0.909082 -0.159675 0.384804 -6.314875
0.389771 -0.000672 0.920912 205.252960 -0.145133 0.987458 0.062147 -8.006657 -0.909404 -0.157878 0.384785 -6.021004
0.389913 0.001804 0.920850 206.662048 -0.149737 0.986813 0.061469 -7.915724 -0.908596 -0.161853 0.385042 -5.428486
0.393598 -0.001005 0.919282 208.105576 -0.148600 0.986778 0.064703 -7.830939 -0.907193 -0.162072 0.388245 -4.847723
0.395645 -0.002396 0.918400 208.842667 -0.144338 0.987407 0.064756 -7.786767 -0.906991 -0.158180 0.390317 -4.551724
0.402743 -0.004476 0.915302 210.256821 -0.145484 0.986963 0.068841 -7.694909 -0.903677 -0.160887 0.396841 -3.950047
0.413091 -0.010012 0.910635 211.612137 -0.148766 0.985766 0.078323 -7.582936 -0.898457 -0.167826 0.405721 -3.371697
0.417325 -0.009692 0.908705 212.355637 -0.149598 0.985569 0.079215 -7.524149 -0.896359 -0.168998 0.409853 -3.039690
0.425291 0.004818 0.905044 213.665939 -0.163949 0.983852 0.071804 -7.389952 -0.890083 -0.178919 0.419213 -2.408985
0.429281 0.009007 0.903126 214.363220 -0.169006 0.983088 0.070529 -7.333450 -0.887218 -0.182910 0.423543 -2.065185
0.433640 0.009595 0.901035 215.098679 -0.171419 0.982561 0.072035 -7.282671 -0.884631 -0.185692 0.427723 -1.718945
0.437566 0.012081 0.899105 215.810806 -0.172884 0.982384 0.070937 -7.233500 -0.882410 -0.186480 0.431946 -1.375293
0.441499 0.014605 0.897143 216.529297 -0.172629 0.982570 0.068958 -7.183795 -0.880498 -0.185318 0.436325 -1.024830
0.445961 0.015560 0.894917 217.263367 -0.173064 0.982479 0.069160 -7.131306 -0.878162 -0.185720 0.440840 -0.667139
0.454321 0.014003 0.890728 218.582413 -0.170158 0.982831 0.071339 -7.038348 -0.874436 -0.183975 0.448903 0.020713
0.458676 0.014336 0.888488 219.314377 -0.167289 0.983384 0.070494 -6.985060 -0.872715 -0.180968 0.453453 0.392359
0.462605 0.017125 0.886399 220.041336 -0.169165 0.983149 0.069292 -6.931817 -0.870276 -0.182003 0.457706 0.774441
0.466716 0.018319 0.884218 220.752411 -0.175059 0.981918 0.072058 -6.878431 -0.866909 -0.188421 0.461483 1.155315
0.474870 0.023225 0.879750 222.087418 -0.177904 0.981547 0.070116 -6.756136 -0.861887 -0.189807 0.470239 1.871490
0.478961 0.030323 0.877312 222.796448 -0.178132 0.981968 0.063310 -6.705759 -0.859573 -0.186600 0.475726 2.248090
0.481845 0.038015 0.875432 223.480667 -0.185108 0.980928 0.059289 -6.652953 -0.856482 -0.190617 0.479692 2.636977
0.486988 0.028650 0.872939 224.913712 -0.190873 0.978794 0.074358 -6.549388 -0.852297 -0.202832 0.482129 3.451496
0.488883 0.017379 0.872176 225.638535 -0.187981 0.978411 0.085874 -6.488716 -0.851855 -0.205935 0.481595 3.847816
0.490800 0.010326 0.871211 226.363831 -0.189162 0.977341 0.094981 -6.425863 -0.850490 -0.211417 0.481633 4.246229
0.494175 0.015575 0.869223 227.745743 -0.192851 0.976893 0.092137 -6.265612 -0.847702 -0.213162 0.485760 5.064479
0.497895 0.022269 0.866952 228.444199 -0.192431 0.977587 0.085403 -6.180434 -0.845619 -0.209350 0.491021 5.464392
0.502388 0.026858 0.864225 229.190353 -0.192430 0.977923 0.081471 -6.112541 -0.842957 -0.207233 0.496466 5.882512
0.510537 0.029902 0.859335 230.632309 -0.188627 0.978946 0.078000 -5.996444 -0.838911 -0.201916 0.505429 6.720106
0.519228 0.024031 0.854298 232.016953 -0.184870 0.979096 0.084820 -5.878498 -0.834401 -0.201974 0.512817 7.472509
0.522166 0.017959 0.852655 232.735046 -0.181663 0.979176 0.090627 -5.810553 -0.833271 -0.202218 0.514555 7.897620
0.524919 0.012898 0.851054 233.407166 -0.179775 0.979008 0.096046 -5.746335 -0.831950 -0.203414 0.516218 8.275954
0.528477 0.007326 0.848916 234.083878 -0.176293 0.979112 0.101298 -5.682723 -0.830442 -0.203191 0.518729 8.622963
0.533406 0.000613 0.845859 235.458755 -0.173579 0.978797 0.108751 -5.534894 -0.827858 -0.204831 0.522203 9.388137
0.534607 0.011759 0.845019 236.146729 -0.181056 0.978280 0.100934 -5.468633 -0.825478 -0.206956 0.525124 9.819098
0.536999 0.031703 0.842987 237.531982 -0.181605 0.980208 0.078822 -5.332011 -0.823803 -0.195418 0.532128 10.663034
0.537390 0.029097 0.842832 238.278778 -0.180558 0.980200 0.081285 -5.268032 -0.823778 -0.195862 0.532003 11.117345
0.537997 0.024419 0.842593 239.013794 -0.181507 0.979488 0.087506 -5.206540 -0.823173 -0.200015 0.531394 11.574748
0.541305 0.022652 0.840521 240.419083 -0.177479 0.980193 0.087883 -5.092778 -0.821882 -0.196747 0.534603 12.442662
0.544527 0.015367 0.838602 241.842590 -0.171661 0.980710 0.093493 -4.967614 -0.820989 -0.194865 0.536661 13.340405
0.545532 0.014079 0.837972 242.557312 -0.172748 0.980277 0.095992 -4.892265 -0.820093 -0.197124 0.537205 13.795182
0.546284 0.015824 0.837451 243.260422 -0.174868 0.979944 0.095553 -4.822631 -0.819143 -0.198643 0.538095 14.258488
0.549527 0.020060 0.835235 244.729919 -0.172713 0.980845 0.090077 -4.684206 -0.817429 -0.193756 0.542465 15.196764
0.550997 0.017700 0.834319 245.452744 -0.170009 0.981189 0.091461 -4.602975 -0.817006 -0.192236 0.543642 15.673763
0.558818 0.012362 0.829198 246.851730 -0.167686 0.980919 0.098384 -4.485096 -0.812160 -0.194023 0.550228 16.572315
0.562782 0.012423 0.826512 247.577011 -0.165025 0.981447 0.097616 -4.400796 -0.809965 -0.191332 0.554391 17.057909
0.567191 0.014597 0.823457 248.326401 -0.165868 0.981380 0.096852 -4.325328 -0.806710 -0.191518 0.559052 17.552448
0.575742 0.023014 0.817307 249.635193 -0.168374 0.981516 0.090972 -4.195960 -0.800107 -0.189990 0.568976 18.472260
0.582667 0.023091 0.812383 250.318176 -0.164289 0.982306 0.089912 -4.129801 -0.795932 -0.185854 0.576151 18.943609
0.591584 0.021640 0.805953 251.012802 -0.159177 0.983099 0.090442 -4.068286 -0.790374 -0.181793 0.585030 19.417152
0.601577 0.017418 0.798625 251.709656 -0.152016 0.983988 0.093048 -4.009921 -0.784217 -0.177380 0.594593 19.917259
0.625379 0.015907 0.780159 253.013535 -0.148446 0.983959 0.098933 -3.871658 -0.766071 -0.177683 0.617709 20.943977
0.637298 0.011413 0.770533 253.672104 -0.145548 0.983677 0.105811 -3.795492 -0.756748 -0.179583 0.628556 21.486780
0.649312 0.010151 0.760454 254.336182 -0.146321 0.982897 0.111816 -3.713755 -0.746313 -0.183874 0.639693 22.037659
0.666330 0.019222 0.745409 255.560318 -0.154807 0.981452 0.113075 -3.549283 -0.729410 -0.190740 0.656947 23.157019
0.671325 0.024287 0.740765 256.146454 -0.158978 0.980918 0.111915 -3.470428 -0.723912 -0.192897 0.662376 23.690969
0.672467 0.028604 0.739574 256.744263 -0.164368 0.980072 0.111548 -3.387403 -0.721645 -0.196575 0.663767 24.250776
0.662726 0.042484 0.747656 257.952698 -0.179574 0.978275 0.103587 -3.257719 -0.727013 -0.202910 0.655957 25.333433
0.654337 0.046836 0.754751 258.600891 -0.182637 0.978321 0.097628 -3.185076 -0.733817 -0.201728 0.648706 25.882755
0.645041 0.044495 0.762852 259.253204 -0.177535 0.979713 0.092973 -3.103722 -0.743239 -0.195405 0.639854 26.411037
0.635663 0.040854 0.770885 259.919495 -0.176333 0.979882 0.093473 -3.037192 -0.751558 -0.195350 0.630078 26.955725
0.626332 0.042373 0.778404 260.596985 -0.180764 0.979200 0.092146 -2.967359 -0.758309 -0.198422 0.620964 27.497631
0.618355 0.038690 0.784946 261.295563 -0.177605 0.979828 0.091616 -2.905652 -0.765567 -0.196061 0.612753 28.020414
0.602751 0.038172 0.797015 262.642303 -0.172976 0.981353 0.083814 -2.772810 -0.778954 -0.188384 0.598115 29.022991
0.595820 0.040168 0.802113 263.320190 -0.174354 0.981398 0.080367 -2.714755 -0.783964 -0.187736 0.591739 29.523100
0.589477 0.039791 0.806805 264.007782 -0.177547 0.980744 0.081353 -2.655183 -0.788032 -0.191201 0.585191 30.034105
0.580123 0.032875 0.813865 265.373962 -0.182111 0.979127 0.090258 -2.534170 -0.793910 -0.200575 0.574000 30.997040
0.576122 0.029217 0.816842 266.072906 -0.181784 0.978912 0.093198 -2.471153 -0.796893 -0.202182 0.569284 31.490328
0.571271 0.041567 0.819708 267.458740 -0.189797 0.978337 0.082663 -2.358158 -0.798515 -0.202802 0.566785 32.438610
0.569350 0.053788 0.820334 268.159485 -0.192555 0.978824 0.069463 -2.292270 -0.799226 -0.197508 0.567651 32.934444
0.566785 0.060027 0.821676 269.605530 -0.193545 0.979132 0.061976 -2.182736 -0.800809 -0.194159 0.566575 33.927364
0.565875 0.055975 0.822589 270.347900 -0.193431 0.978861 0.066456 -2.140143 -0.801480 -0.196720 0.564740 34.450531
0.565759 0.053521 0.822832 271.078278 -0.192326 0.978933 0.068564 -2.084874 -0.801827 -0.197043 0.564134 34.963654
0.568501 0.047944 0.821284 272.523376 -0.188524 0.979327 0.073328 -1.978520 -0.800790 -0.196519 0.565788 35.949852
0.571576 0.046846 0.819210 273.228516 -0.187090 0.979512 0.074523 -1.932017 -0.798935 -0.195861 0.568630 36.453880
0.579891 0.046642 0.813358 274.670807 -0.186003 0.979571 0.076439 -1.820177 -0.793177 -0.195613 0.576720 37.440548
0.582822 0.048178 0.811171 275.373199 -0.189029 0.978894 0.077677 -1.764208 -0.790308 -0.198607 0.579628 37.954910
0.587250 0.050672 0.807818 276.091675 -0.188858 0.979069 0.075878 -1.704674 -0.787064 -0.197122 0.584528 38.457188
0.597562 0.053142 0.800060 277.534760 -0.180838 0.981025 0.069906 -1.588461 -0.781164 -0.186454 0.595834 39.482574
0.603625 0.053046 0.795502 278.251221 -0.177570 0.981667 0.069280 -1.534615 -0.777243 -0.183076 0.601978 40.010132
0.618776 0.049129 0.784030 279.709106 -0.178719 0.980675 0.079598 -1.421445 -0.764968 -0.189374 0.615599 41.053162
0.625004 0.046093 0.779259 280.431793 -0.180928 0.979626 0.087169 -1.350601 -0.759364 -0.195471 0.620610 41.622707
0.637877 0.041918 0.768997 281.840576 -0.184191 0.977843 0.099484 -1.195940 -0.747788 -0.205101 0.631464 42.766808
0.645665 0.043772 0.762365 282.550751 -0.181675 0.978495 0.097684 -1.116117 -0.741694 -0.201574 0.639732 43.329582
0.660475 0.054418 0.748873 283.866150 -0.177372 0.980450 0.085189 -0.982828 -0.729597 -0.189094 0.657215 44.404579
0.666919 0.055454 0.743064 284.543671 -0.170936 0.982018 0.080132 -0.913401 -0.725258 -0.180458 0.664406 44.995853
0.673613 0.055155 0.737024 285.221375 -0.164405 0.983409 0.076667 -0.852746 -0.720567 -0.172814 0.671505 45.588482
0.68